# Манифест допрогона run3 (задание 07.09.2026, фаза 1).
# Запрос: enrichment_source = run1 AND content_status <> junk
# Снят 2026-09-07, задач: 1740
46
53
86
97
147
210
221
228
240
246
256
257
265
276
288
320
420
464
516
521
548
568
570
617
621
632
646
722
782
790
888
915
964
985
1001
1044
1139
1141
1191
1241
1248
1307
1308
1317
1336
1360
1387
1418
1426
1466
1477
1489
1631
1636
1640
1642
1670
1711
1733
1762
1771
1802
1809
1846
1856
1887
1893
1897
1921
2031
2078
2095
2159
2183
2230
2297
2323
2362
2396
2413
2450
2460
2508
2535
2593
2603
2633
2636
2646
2647
3988
3990
3991
4030
4031
4033
4053
4054
4055
4056
4057
4058
4059
4060
4061
4062
4063
4064
4065
4066
4225
4235
4297
4300
4307
4309
4325
4357
4372
4387
4403
4412
4445
4605
4642
4698
4729
4853
4897
4921
4978
5060
5092
5095
5097
5113
5114
5115
5116
5117
5138
5141
5146
5154
5155
5157
5170
5172
5178
5200
5207
5226
5244
5255
5288
5343
5350
5358
5408
5417
5419
5422
5429
5440
5441
5445
5451
5454
5455
5458
5462
5464
5466
5470
5473
5632
5642
5676
5679
5681
5727
5739
5747
5790
5821
5888
5939
5950
6045
6096
6114
6160
6331
6382
6463
6521
6724
6725
6726
6785
6887
6903
6905
6984
7057
7132
7135
7223
7467
7468
7471
7503
7516
7538
7539
7540
7586
7599
7629
7632
7638
7641
7646
7681
7704
7722
7734
7743
7745
7751
7757
7759
7770
7771
7772
7775
7778
7781
7783
7795
7798
7804
7806
7808
7815
7816
7820
7833
7834
7839
7845
7847
7860
7862
7864
26341
26470
26481
26597
26716
26816
26820
26947
27018
27032
27034
27121
27191
27192
27201
27210
27261
27275
27276
27300
27302
27304
27335
27343
27371
27372
27408
27419
27420
27423
27424
27438
27468
27495
27496
27528
27529
27548
27553
27576
27591
27596
27639
27650
27665
27703
27727
27737
27760
27796
27840
27868
27903
27916
27938
27965
28113
28136
28146
28152
28218
28223
28264
28313
28318
28438
28619
28638
28683
28719
28777
28786
28787
28788
28789
28807
28814
28872
28890
28915
28916
28957
28960
28962
28979
29120
29148
29173
29188
29191
29201
29364
29399
29401
29415
29417
29485
29503
29570
29826
29872
29874
30021
30096
30105
30108
30112
30119
30138
30150
30158
30166
30176
30183
30185
30205
30208
30209
30219
30239
30242
30248
30256
30257
30262
30329
30369
30403
30417
30418
30421
30462
30481
30494
30502
30510
30517
30519
30530
30544
30551
30555
30590
30679
30764
30770
30774
30775
30776
30778
30783
30813
30821
30873
30881
30882
30905
30943
30985
30995
31015
31018
31019
31027
31031
31105
31140
31180
31193
31206
31253
31263
31268
31313
31314
31316
31323
31328
31355
31389
31399
31406
31473
31520
31540
31674
31728
31741
31753
31755
31771
31786
31795
31842
31845
31852
31855
31931
31935
31957
32055
32058
32163
32164
32165
32167
32259
32344
32383
32433
32449
32517
32526
32529
32549
32561
32590
32653
32697
32727
32793
32883
32926
32927
32933
32989
32990
32991
32994
33004
33007
33011
33025
33054
33158
33184
33202
33248
33382
33391
33449
33464
33550
33575
33576
33672
33781
33838
33895
33917
33970
33980
33981
33983
34033
34050
34073
34076
34093
34118
34386
34398
34407
34468
34492
34523
34585
34590
34782
34788
34789
34790
34791
34792
34793
34794
34795
34796
34807
34808
34809
34810
34812
34813
34814
34815
34876
34892
34957
35007
35008
35030
35036
35101
35118
35242
35243
35250
35255
35264
35266
35293
35314
35334
35341
35366
35369
35405
35413
35421
35463
35469
35495
35497
35510
35571
35621
35626
35654
35691
35702
35764
35843
35893
35894
35927
35984
36085
36186
36223
36272
36278
36324
36479
36628
36631
36690
36713
36721
36778
36872
36925
36999
37016
37047
37068
37122
37176
37213
37263
37311
37444
37491
37551
37570
37641
37672
37815
37895
38046
38075
38193
38269
38272
38327
38478
38579
38744
38792
38880
39004
39046
39117
39128
39179
39189
39449
39507
39562
39565
39597
39693
39822
39913
39918
39919
39922
39926
39927
39929
39930
39939
39941
39943
39960
39979
40019
40085
40089
40131
40207
40208
40216
40382
40493
40590
40606
40628
40638
40645
40679
40681
40701
40749
40750
40760
40782
40786
40790
40793
40797
40866
40894
40901
40903
40904
40907
40917
40934
40983
40987
40995
41060
41069
41086
41091
41105
41111
41115
41118
41134
41146
41164
41225
41230
41244
41252
41282
41283
41293
41297
41299
41430
41518
41520
41526
41527
41530
41552
41570
41593
41599
41667
41685
41707
41712
41732
41754
41829
41838
41854
41879
41885
41887
41900
41906
41920
41999
42081
42089
42154
42159
42175
42177
42209
42241
42245
42246
42248
42269
42303
42313
42351
42378
42416
42419
42443
42459
42468
42599
42687
42695
42730
42820
42822
42832
42838
42839
42840
42841
42862
42866
42868
42898
42899
42903
42909
42911
42931
42933
42950
42960
42981
42985
43016
43058
43097
43103
43189
43217
43249
43279
43290
43304
43346
43374
43382
43383
43400
43403
43433
43443
43444
43539
43550
43552
43620
43623
43705
43713
43720
43871
43908
43928
43939
47230
47235
47238
47239
47242
47248
47249
47253
47255
47256
47257
47258
47260
47262
47264
47265
47266
47267
47268
47270
47272
47338
47349
47357
47377
47383
47387
47392
47395
47397
47399
47400
47401
47402
47406
47412
47413
47416
47417
47422
47423
47426
47427
47428
47431
47432
47434
47437
47442
47443
47444
47446
47448
47452
47459
47460
47465
47468
47469
47476
47478
47482
47484
47489
47496
47501
47502
47503
47505
47508
47513
47515
47518
47521
47522
47525
47526
47527
47528
47534
47535
47539
47540
47542
47544
47545
47546
47551
47552
47553
47555
47556
47557
47558
47562
47565
47568
47571
47573
47579
47581
47583
47585
47590
47594
47597
47600
47603
47604
47605
47606
47607
47612
47615
47627
47646
47650
47659
47668
47669
47678
47695
47697
47761
47783
47797
47798
47802
47809
47814
48003
48026
48063
48064
48111
48142
48148
48149
48166
48167
48178
48179
48198
48199
48204
48245
48246
48266
48292
48299
48300
48305
48306
48337
48384
48395
48407
48409
48410
48423
48425
48426
48428
48429
48450
48461
48481
48494
48499
48500
48501
48522
48524
48525
48526
48578
48583
48603
48613
48617
48636
48707
48720
48751
48812
48828
48858
48859
48875
48877
48878
48880
48886
48930
48957
49014
49015
49028
49055
49059
49066
49068
49071
49088
49115
49135
49145
49168
49169
49174
49178
49180
49181
49182
49190
49193
49202
49203
49209
49214
49215
49216
49218
49219
49230
49233
49234
49238
49239
49251
49252
49261
49272
49273
49283
49291
49292
49293
49302
49311
49312
49314
49316
49319
49320
49355
49374
49400
49418
49480
49497
49502
49504
49515
49516
49537
49538
49539
49546
49548
49563
49566
49575
49578
49582
49583
49586
49588
49591
49594
49596
49597
49600
49603
49604
49608
49609
49624
49627
49672
49676
49678
49680
49682
49702
49714
49717
49733
49741
49758
49762
49770
49779
49788
49790
49793
49802
49806
49810
49811
49814
49815
49816
49817
49818
49820
49822
49823
49824
49825
49826
49827
49828
49830
49832
49834
49835
49836
49843
49844
49846
49848
49850
49855
49858
49860
49862
49864
49865
49866
49867
49871
49872
49875
49876
49877
49878
49880
49883
49884
49888
49890
49894
49901
49906
49911
49912
49913
49917
49918
49922
49923
49926
49928
49929
49932
49942
49945
49947
49948
49952
49953
49955
49956
49958
49963
49964
49967
49969
49970
49971
49972
49973
49974
49975
49976
49978
49980
49981
49983
49985
49986
49987
49994
49995
49997
49998
49999
50000
50001
50002
50006
50008
50011
50012
50014
50015
50018
50019
50020
50024
50025
50026
50030
50031
50032
50033
50034
50035
50040
50043
50045
50046
50047
50048
50050
50055
50056
50058
50059
50060
50061
50062
50063
50067
50068
50070
50071
50072
50074
50076
50077
50080
50083
50084
50086
50091
50097
50098
50099
50112
50114
50115
50118
50120
50121
50123
50124
50126
50136
50138
50139
50140
50141
50144
50145
50148
50149
50157
50158
50159
50161
50163
50165
50166
50169
50173
50174
50175
50179
50180
50214
50215
50228
50233
50239
50243
50252
50254
50264
50268
50270
50283
50297
50309
50321
50324
50350
50366
50368
50374
50378
50385
50388
50393
50394
50397
50398
50399
50401
50403
50404
50406
50408
50409
50410
50415
50428
50435
50439
50450
50452
50455
50460
50462
50465
50469
50485
50495
50496
50499
50501
50502
50503
50506
50508
50518
50522
50524
50527
50542
50544
50549
50563
50573
50574
50593
50606
50622
50624
50628
50630
50644
50654
50663
50670
50671
50674
50679
50690
50692
50697
50698
50707
50710
50711
50714
50717
50718
50725
50727
50738
50740
50752
50758
50767
50799
50806
50809
50811
50817
50849
50851
50876
50877
50879
50880
50884
50890
50897
50899
50901
50905
50916
50922
50925
50927
50932
50936
50939
50940
50942
50949
50952
50953
50955
50957
50958
50960
50965
50967
50986
50987
50988
51007
51011
51013
51045
51051
51064
51076
51082
51083
51085
51086
51088
51093
51104
51130
51131
51133
51139
51145
51146
51151
51154
51159
51181
51184
51194
51212
51368
51369
51371
51379
51439
51441
51567
51572
51619
51628
51629
51630
51633
51635
51674
51679
51680
51686
51699
51700
51701
51702
51705
51706
51714
51719
51728
51731
51734
51749
51756
51764
51770
51780
51783
51785
51790
51815
51821
51825
51829
51845
51846
51851
51855
51859
51864
51865
51866
51870
51873
51874
51880
51909
51920
51929
51937
51938
51967
51996
51999
52004
52007
52013
52018
52033
52040
52046
52066
52069
52075
52076
52078
52081
52092
52102
52104
52225
52274
52289
52304
52307
52319
52337
52353
52359
52405
52475
52476
52477
52496
52553
52562
52563
52564
52567
52568
52570
52588
52610
52622
52623
52638
52647
52649
52655
52663
52669
52811
52832
52838
52841
52848
52851
52852
52857
52858
52861
52870
52872
52876
52877
52886
52895
52896
52899
52901
52902
52903
52908
52912
52925
52931
52932
52933
52935
52937
52938
52939
52942
52951
52957
52994
52997
52998
52999
53015
53017
53042
53158
53766
53880
53998
54307
54370
54534
55076
55574
55576
55579
55581
55582
55583
55584
55585
55586
55587
55588
55589
55590
55591
55593
55594
55596
55597
55599
55601
55602
55604
55606
55678
55826
55985
56077
56082
56110
56115
56338
56444
56502
56503
56504
56506
56510
56989
56999
57036
57202
57212
57227
57236
57257
57345
57450
57548
57566
57567
57621
57626
57631
57679
57680
57746
57781
57878
57884
58014
58040
58076
58203
58306
58312
58399
58404
58501
58590
58819
58840
58844
58875
58915
58916
58956
58973
59009
59025
59045
59052
59125
59141
59248
59361
59364
59366
59479
59507
59538
59711
59755
59803
59805
59820
59832
59870
59922
59982
60132
60213
60402
60502
60533
60785
60947
61032
61102
61221
61235
61295
61406
61585
61599
61679
61709
61765
62077
62103
62184
62218
62235
62241
62276
62284
62388
62389
62460
62580
62639
62646
62656
62740
62797
62801
62945
63086
63152
63186
63204
63222
63279
