62
71
90
210
226
228
245
256
320
486
516
543
568
665
671
688
695
762
782
888
909
915
923
1067
1147
1346
1360
1370
1373
1389
1418
1426
1477
1594
1642
1733
1753
1785
1825
1846
1893
2078
2095
2102
2159
2167
2297
2304
2323
2366
2396
2450
2508
2519
2633
2636
2684
5478
5739
5742
5751
5821
5868
5888
5889
5945
5956
6160
6331
6358
6613
6726
6781
6785
6790
6900
6903
6905
6984
7057
7084
7091
7135
7223
7470
26333
26341
26470
26545
26610
27018
27121
27152
27177
27180
27184
27189
27201
27246
27261
27335
27351
27891
27975
28113
28162
28204
28206
28209
28218
28367
28372
28619
28703
28731
28777
28814
28872
28877
28878
28890
28959
29046
29065
29086
29128
29364
29415
29428
29514
29570
29650
29672
29874
29891
29916
29918
30021
30023
