# Задачи, вылетевшие из whitelist по двум новым критериям (13.09.2026).
# defect: 108, needs_quality_review: 76, оба сразу: 5
3993
3996
3998
4000
4083
4303
4304
4324
4557
4558
4561
4562
4563
4564
4568
4654
4655
4657
4659
4662
4665
4669
4672
4677
4678
4680
4787
4885
26351
26353
26362
26366
26450
26458
26459
26465
26474
26590
26665
26669
26680
26688
26790
26791
26838
26841
26842
26848
26881
26882
26912
26918
26964
26989
27097
27125
27126
27127
27135
27136
27172
27173
27197
27219
27277
27305
27306
27307
27308
27356
27358
27494
27527
27565
27566
27572
27678
27704
27724
27756
27769
27826
27869
27917
27919
27923
27924
27925
27959
28107
28111
28135
28268
28377
28517
28562
28639
28647
28659
28669
28670
28671
28672
28673
28681
28699
28730
28769
28792
28809
28838
28888
28945
28969
29027
29068
29093
29120
29121
29187
29229
29395
29442
29520
29523
29525
29537
29538
29539
29762
29763
29768
29770
29841
29847
29972
29981
30050
30051
30454
30771
30994
31393
31776
31784
31792
31795
31828
32022
32092
32093
32094
32098
33361
33970
34803
34816
34892
35504
38659
39582
39735
39741
39921
39923
40894
41298
41577
41997
42249
42250
42385
43138
43376
43407
43556
43727
43879
43896
