1
59
60
61
76
116
121
136
187
188
209
237
290
293
372
449
492
622
661
687
709
757
763
779
832
872
880
894
992
1003
1081
1088
1123
1165
1208
1253
1275
1329
1330
1364
1401
1410
1435
1440
1533
1548
1549
1560
1599
1671
1677
1694
1698
1749
1751
1774
1834
1854
1855
1859
1861
1864
1907
1924
1941
1999
2058
2060
2069
2091
2242
2265
2339
2370
2417
2472
2518
2540
2546
2555
2583
2598
2674
5417
5421
5423
5426
5428
5432
5436
5438
5443
5446
5448
5449
5457
5462
5472
5473
5474
5567
5648
5692
5721
5916
5951
6025
6050
6083
6159
6206
6269
6372
6385
6536
7005
7208
7266
7430
7476
7504
7512
7524
7529
7530
7531
7536
7548
7559
7561
7562
7563
7568
7574
7577
7578
7579
7580
7581
7582
7583
7584
7585
7586
7587
7588
7589
7590
7591
7592
7593
7594
7595
7596
7597
7598
7600
7601
7602
7603
7606
7607
7609
7610
7613
7615
7621
7622
29971
33070
43726
47236
47273
47274
47275
47276
47277
47278
47279
47280
47281
47282
47283
47284
47285
47286
47288
47290
47292
47293
47294
47295
47296
47297
47298
47300
47301
47302
47303
47304
47306
47307
47308
47309
47310
47311
47312
47313
47314
47315
47317
47318
47319
47320
47321
47322
47323
47324
47325
47326
47327
47328
47329
47330
47331
47332
47336
47337
47340
47341
47342
47344
47345
47346
47347
47348
47349
47351
47352
47353
47354
47355
47356
47357
47358
47359
47360
47362
47364
47365
47366
47367
47368
47369
47370
47371
47372
47373
47374
47375
47376
47377
47378
47379
47380
47382
47383
47384
47385
47386
47388
47390
47391
47393
47394
47396
47694
47700
47701
47726
47730
47736
47737
47739
47740
47745
47749
47752
47754
47755
47760
47762
47763
47774
47775
47782
47791
47794
47799
47801
47805
47808
47813
47816
47822
47838
47851
47878
47886
47889
47901
47903
47908
47911
47915
47916
47928
47944
47950
47954
47955
47957
47958
47959
47962
47965
47969
47970
47986
48004
48010
48014
48016
48019
48020
48022
48031
48032
48036
48044
48047
48049
48055
48062
48066
48075
48086
48087
48088
48092
48098
48100
48101
48104
48108
48120
48129
48130
48137
48150
48151
48158
48177
48221
48222
48224
48231
48241
48253
48261
48264
48270
48276
48301
48302
48325
48328
48339
48357
48366
48374
48379
48386
48392
48453
48495
48502
48507
48516
48518
48520
48568
48570
48573
48574
48581
48587
48626
48637
48638
48697
48743
48746
48749
48750
48789
48793
48804
48837
48845
48852
48890
48913
48924
48943
48993
48998
49011
49044
49046
49094
49101
49119
49123
49242
49265
49266
49282
49324
49327
49333
49356
49357
49358
49359
49360
49361
49362
49363
49364
49365
49366
49367
49368
49369
49370
49371
49372
49373
49375
49376
49377
49378
49379
49381
49382
49383
49384
49385
49386
49387
49388
49389
49390
49391
49392
49393
49394
49395
49396
49397
49398
49399
49402
49403
49404
49405
49406
49407
49408
49409
49410
49411
49412
49413
49414
49415
49457
49487
49499
49500
49504
49505
49506
49507
49509
49510
49511
49512
49513
49514
49515
49517
49518
49519
49520
49521
49522
49523
49524
49525
49527
49528
49529
49531
49532
49533
49534
49535
49536
49538
49539
49540
49541
49542
49543
49544
49545
49547
49549
49550
49551
49552
49553
49554
49555
49556
49557
49558
49559
49560
49561
49562
49563
49565
49566
49567
49570
49572
49573
49574
49575
49576
49577
49578
49579
49580
49581
49582
49584
49585
49587
49589
49590
49591
49592
49593
49595
49597
49598
49599
49601
49602
49603
49604
49605
49606
49607
49608
49610
49611
49622
49633
49636
49644
49646
49648
49653
49658
49666
49667
49697
49706
49746
49753
49756
49762
49778
49786
49787
49794
49833
49848
49856
49868
49869
49891
49896
49897
49898
49899
49900
49903
49904
49909
49916
49917
49928
49929
49931
49935
49936
49937
49938
49939
49959
49965
49984
49989
49990
50026
50042
50043
50051
50065
50069
50073
50078
50079
50082
50092
50093
50094
50095
50097
50099
50100
50101
50103
50104
50105
50107
50108
50115
50123
50127
50128
50130
50131
50144
50146
50150
50152
50154
50155
50158
50162
50167
50168
50170
50171
50173
50178
53487
53488
53489
53490
53491
53492
53493
53494
53495
53496
53497
53498
53499
53500
53501
53502
53503
53504
53505
53506
53508
53509
53510
53511
53512
53513
53514
53515
53516
53517
53518
53519
53520
53521
53523
53524
53526
53527
53528
53529
53530
53531
53532
53534
53535
53536
53537
53538
53539
53540
53541
53543
53544
53547
53548
53549
53550
53551
53552
53553
53554
53555
53557
53558
53559
53560
53561
53562
53564
53565
53566
53567
53569
53570
53571
53573
53574
53575
53576
53577
53578
53579
53580
53581
53582
53583
53584
53585
53586
53587
53588
53589
53590
53591
53592
53593
53594
53596
53597
53598
53599
53600
53601
53602
53603
53604
53605
53607
53609
53610
53611
53612
53613
53614
53615
53616
53617
53618
53619
53620
53622
53624
53625
53626
53627
53628
53629
53630
53631
53632
53633
53634
53635
53636
53637
53638
53639
53640
53641
53642
53643
53644
53645
53646
53647
53648
53649
53650
53651
53652
53653
53654
53655
53656
53657
53658
53659
53660
53661
53662
53663
53664
53665
53666
53667
53668
53669
53670
53671
53672
53673
53674
53675
53676
53677
53678
53679
53681
53682
53683
53684
53685
53686
53688
53689
53690
53691
53692
53693
53694
53695
53696
53697
53698
53699
53700
53701
53702
53703
53704