# Что будет на проде ПОСЛЕ заливки: нынешние 5 095 плюс переносимые (v2).
4
5
6
7
8
11
13
14
17
18
19
20
21
22
23
24
25
26
27
28
29
30
31
32
33
34
35
36
37
38
39
40
41
42
43
45
47
48
49
50
51
52
55
58
62
63
65
67
68
69
70
71
72
73
74
77
78
79
80
83
85
86
87
89
90
92
95
98
99
100
101
102
103
105
106
107
108
109
110
111
112
114
115
117
120
123
124
125
126
128
130
131
134
135
137
139
140
141
143
145
146
148
149
152
153
157
158
159
160
161
163
164
166
168
169
171
172
173
175
177
180
183
184
190
191
192
193
195
196
197
198
200
201
202
203
204
205
206
207
208
210
211
212
213
214
215
216
218
219
220
222
224
225
226
227
228
229
230
231
233
234
235
239
241
243
245
247
249
250
251
252
253
254
255
256
258
260
262
263
266
267
268
269
271
272
275
277
278
279
280
283
284
285
286
289
291
292
296
297
298
299
300
301
302
304
305
306
309
310
312
314
315
316
317
318
319
320
322
323
324
325
326
327
328
329
332
333
334
335
337
338
339
340
341
342
345
347
348
349
350
352
353
354
355
356
358
359
361
362
363
364
367
369
370
371
374
375
376
378
379
381
382
383
385
390
391
393
394
395
397
398
399
401
402
403
405
406
407
411
412
413
415
418
422
423
425
426
428
429
431
434
435
436
438
439
441
442
444
446
448
451
452
453
454
455
456
457
458
459
462
463
465
466
467
468
469
470
471
473
474
475
477
479
480
481
482
483
484
485
486
488
489
490
491
493
496
498
499
501
503
505
506
507
508
509
511
512
513
514
516
517
519
520
522
524
526
528
529
531
532
537
538
539
540
541
542
543
544
545
546
547
548
549
550
552
553
554
555
556
558
560
561
562
565
566
568
570
572
573
574
575
576
577
579
580
582
584
585
587
588
589
590
591
594
595
596
597
598
599
600
601
603
604
605
606
607
608
609
613
614
615
616
618
621
625
628
629
630
631
632
633
634
635
636
639
640
641
642
643
644
645
648
649
652
653
654
655
658
662
665
666
667
668
670
671
672
673
675
677
678
679
681
682
683
684
685
686
688
689
690
691
692
694
695
696
697
698
699
700
702
704
705
706
708
710
711
712
714
715
716
717
719
720
721
723
724
725
726
728
730
732
735
736
737
738
739
740
741
742
745
746
747
748
749
750
752
753
756
759
760
762
764
766
767
769
770
771
773
775
777
778
780
782
783
784
786
788
789
791
792
794
795
796
798
799
800
801
802
803
804
805
807
808
811
812
813
814
815
816
817
818
819
821
823
825
826
827
828
829
831
833
834
835
836
837
838
839
841
842
843
848
850
851
853
854
855
856
857
860
861
862
864
866
867
868
869
870
871
873
877
879
881
883
884
886
887
888
889
890
891
892
893
895
896
898
899
901
902
903
904
905
907
908
909
913
914
915
916
917
918
919
920
922
923
924
925
926
927
928
929
930
931
932
933
934
935
936
937
938
940
941
942
943
944
945
946
947
949
950
951
952
953
954
956
959
960
961
963
965
967
968
969
971
973
975
977
978
979
980
982
983
984
986
987
988
989
990
993
996
997
1000
1004
1005
1006
1007
1008
1009
1010
1011
1013
1015
1016
1019
1020
1022
1023
1024
1025
1026
1027
1028
1029
1031
1032
1033
1034
1035
1036
1037
1038
1040
1041
1042
1043
1044
1045
1047
1048
1049
1050
1051
1053
1057
1058
1059
1060
1061
1062
1063
1064
1065
1066
1067
1068
1069
1070
1071
1072
1074
1076
1077
1079
1083
1084
1085
1086
1087
1089
1090
1091
1092
1094
1095
1097
1098
1099
1100
1101
1102
1103
1104
1105
1106
1107
1110
1111
1112
1113
1115
1116
1117
1118
1119
1120
1121
1122
1124
1125
1127
1128
1129
1130
1131
1132
1134
1135
1138
1140
1142
1144
1147
1148
1149
1150
1151
1152
1153
1154
1155
1157
1158
1162
1164
1166
1167
1168
1169
1170
1173
1174
1175
1176
1177
1180
1182
1184
1185
1186
1187
1188
1189
1193
1195
1196
1197
1199
1200
1201
1203
1206
1207
1210
1211
1212
1213
1214
1215
1216
1217
1219
1222
1223
1224
1225
1227
1229
1234
1235
1236
1237
1238
1239
1240
1241
1242
1244
1245
1246
1247
1249
1250
1251
1252
1254
1255
1256
1257
1258
1259
1260
1261
1262
1264
1265
1267
1268
1271
1272
1276
1277
1278
1281
1282
1283
1284
1285
1286
1287
1288
1289
1290
1291
1292
1293
1294
1297
1298
1299
1301
1304
1305
1307
1309
1310
1311
1312
1313
1314
1315
1316
1317
1319
1320
1321
1322
1323
1324
1326
1328
1334
1337
1338
1340
1341
1343
1345
1346
1348
1351
1352
1353
1354
1355
1357
1358
1360
1361
1362
1363
1366
1367
1369
1370
1371
1372
1373
1374
1375
1376
1377
1378
1379
1380
1381
1382
1383
1385
1386
1387
1388
1389
1390
1391
1392
1393
1394
1395
1398
1400
1402
1403
1404
1405
1406
1407
1408
1409
1411
1412
1414
1415
1418
1419
1420
1422
1423
1424
1425
1426
1427
1429
1430
1431
1432
1433
1436
1437
1438
1439
1441
1442
1443
1444
1445
1446
1447
1449
1451
1452
1453
1454
1455
1456
1457
1458
1459
1460
1461
1462
1463
1464
1465
1466
1467
1469
1470
1471
1472
1474
1475
1476
1477
1478
1479
1480
1482
1483
1484
1485
1487
1490
1492
1494
1495
1496
1498
1499
1500
1501
1502
1503
1504
1505
1506
1507
1508
1510
1511
1514
1515
1516
1517
1518
1519
1522
1524
1525
1526
1527
1528
1529
1530
1531
1534
1535
1537
1538
1539
1540
1541
1544
1545
1550
1551
1552
1554
1555
1556
1557
1558
1559
1561
1562
1563
1565
1566
1567
1568
1569
1570
1571
1572
1573
1574
1575
1576
1577
1578
1579
1581
1582
1583
1585
1586
1587
1588
1589
1590
1591
1592
1593
1594
1595
1596
1598
1600
1601
1602
1604
1606
1607
1608
1609
1610
1611
1613
1614
1616
1618
1619
1620
1622
1623
1625
1626
1627
1629
1630
1633
1634
1635
1637
1638
1639
1640
1642
1643
1644
1645
1647
1649
1650
1651
1652
1653
1654
1657
1659
1661
1662
1664
1665
1668
1669
1670
1672
1673
1674
1675
1676
1678
1679
1680
1681
1682
1683
1684
1685
1686
1688
1689
1691
1692
1693
1696
1697
1700
1701
1702
1703
1704
1705
1706
1708
1709
1710
1711
1712
1713
1714
1715
1716
1718
1719
1720
1721
1722
1724
1725
1726
1727
1728
1729
1730
1731
1732
1733
1735
1738
1740
1741
1742
1743
1744
1745
1746
1747
1750
1752
1753
1754
1756
1757
1758
1759
1760
1761
1762
1763
1764
1765
1766
1767
1768
1769
1770
1772
1776
1777
1778
1780
1781
1782
1783
1784
1785
1786
1787
1788
1789
1790
1791
1792
1793
1796
1797
1798
1799
1800
1801
1803
1806
1807
1809
1810
1812
1814
1815
1817
1818
1819
1820
1821
1822
1824
1825
1826
1827
1828
1830
1831
1832
1833
1836
1837
1838
1840
1842
1843
1844
1845
1846
1847
1849
1850
1853
1856
1857
1858
1860
1869
1870
1871
1872
1873
1874
1876
1877
1878
1880
1882
1884
1885
1886
1888
1890
1892
1893
1895
1896
1898
1899
1900
1901
1902
1903
1905
1906
1908
1909
1910
1911
1912
1915
1916
1917
1918
1919
1920
1921
1922
1923
1925
1926
1928
1929
1930
1931
1932
1933
1934
1936
1938
1939
1940
1944
1946
1947
1949
1950
1952
1953
1955
1957
1958
1959
1960
1961
1962
1963
1965
1966
1967
1968
1969
1970
1971
1972
1973
1974
1975
1976
1977
1980
1981
1982
1983
1984
1985
1986
1987
1989
1990
1991
1992
1993
1996
1998
2001
2002
2004
2005
2006
2007
2008
2010
2011
2012
2013
2014
2015
2016
2017
2018
2019
2020
2021
2022
2023
2024
2025
2026
2028
2029
2030
2031
2033
2034
2035
2036
2037
2038
2039
2040
2041
2042
2043
2045
2046
2047
2048
2049
2050
2054
2055
2056
2057
2059
2062
2063
2064
2067
2068
2071
2072
2073
2074
2075
2076
2078
2080
2081
2082
2084
2085
2086
2088
2089
2090
2092
2093
2094
2095
2096
2097
2098
2099
2100
2101
2102
2103
2104
2105
2107
2108
2110
2111
2112
2113
2114
2115
2116
2117
2118
2119
2120
2122
2123
2124
2125
2126
2127
2128
2129
2130
2131
2132
2133
2134
2136
2137
2138
2139
2140
2141
2142
2144
2145
2146
2147
2148
2149
2150
2151
2152
2153
2154
2155
2156
2157
2158
2159
2160
2161
2163
2164
2165
2167
2168
2169
2170
2171
2172
2173
2174
2175
2176
2177
2179
2181
2182
2184
2185
2186
2187
2188
2189
2190
2191
2192
2193
2194
2195
2196
2198
2200
2201
2202
2203
2205
2207
2208
2209
2211
2212
2213
2214
2215
2216
2217
2218
2219
2220
2222
2223
2224
2225
2228
2229
2233
2236
2237
2238
2239
2240
2241
2245
2246
2247
2248
2250
2251
2252
2253
2258
2260
2263
2264
2266
2267
2268
2269
2270
2272
2273
2274
2275
2277
2281
2283
2284
2286
2287
2289
2290
2292
2293
2295
2296
2297
2298
2299
2302
2303
2304
2305
2307
2308
2309
2311
2312
2313
2314
2316
2317
2318
2321
2322
2323
2325
2326
2328
2329
2330
2331
2332
2333
2334
2336
2337
2338
2340
2342
2343
2346
2347
2348
2349
2350
2352
2353
2354
2356
2359
2360
2361
2362
2363
2364
2365
2366
2367
2368
2369
2374
2378
2379
2380
2383
2385
2386
2387
2388
2389
2391
2392
2393
2395
2396
2397
2398
2399
2400
2401
2403
2404
2405
2406
2408
2409
2410
2411
2412
2413
2414
2415
2416
2418
2419
2420
2421
2422
2426
2427
2428
2429
2430
2431
2432
2435
2437
2442
2443
2445
2446
2447
2448
2449
2450
2451
2452
2455
2456
2458
2459
2460
2462
2463
2464
2465
2466
2468
2470
2476
2477
2479
2481
2482
2483
2486
2487
2488
2489
2490
2491
2497
2500
2503
2504
2505
2506
2507
2508
2510
2512
2513
2515
2517
2519
2520
2521
2522
2525
2526
2528
2529
2530
2531
2532
2536
2537
2538
2539
2541
2544
2545
2547
2548
2549
2551
2552
2553
2554
2562
2563
2564
2565
2566
2567
2568
2569
2570
2571
2572
2575
2577
2578
2579
2580
2581
2582
2584
2587
2588
2589
2590
2591
2594
2596
2597
2599
2603
2604
2605
2606
2608
2609
2610
2611
2612
2614
2615
2616
2617
2618
2619
2620
2625
2626
2627
2628
2629
2630
2631
2632
2633
2634
2635
2636
2638
2639
2640
2641
2642
2643
2644
2645
2647
2648
2649
2651
2654
2655
2656
2657
2660
2661
2663
2666
2667
2668
2670
2672
2675
2676
2677
2678
2679
2681
2682
2683
2684
2685
2687
4034
4037
4182
4241
4249
4569
4590
4593
4694
4784
4880
4882
4890
4917
5033
5035
5056
5476
5477
5478
5479
5480
5482
5483
5484
5485
5486
5487
5488
5489
5491
5492
5493
5495
5496
5497
5499
5500
5501
5502
5503
5504
5505
5506
5507
5508
5509
5510
5511
5512
5514
5515
5516
5518
5519
5520
5524
5525
5526
5527
5528
5529
5531
5532
5534
5535
5538
5539
5540
5541
5542
5543
5544
5545
5546
5547
5550
5551
5552
5553
5555
5556
5557
5558
5559
5560
5561
5562
5563
5564
5565
5566
5568
5569
5570
5571
5572
5574
5576
5577
5578
5581
5582
5583
5585
5587
5588
5590
5592
5593
5594
5595
5597
5602
5603
5605
5606
5607
5608
5609
5610
5611
5612
5613
5614
5615
5616
5617
5618
5619
5620
5621
5622
5623
5624
5625
5627
5628
5629
5630
5631
5633
5636
5637
5639
5640
5641
5642
5643
5644
5649
5652
5653
5656
5658
5659
5660
5661
5662
5663
5664
5665
5666
5667
5669
5671
5672
5673
5674
5675
5677
5678
5684
5685
5686
5687
5688
5689
5690
5691
5693
5694
5696
5697
5698
5699
5701
5702
5703
5704
5705
5707
5710
5711
5712
5713
5715
5716
5717
5718
5719
5720
5722
5724
5728
5730
5731
5733
5734
5735
5737
5739
5741
5742
5743
5744
5745
5746
5749
5750
5751
5753
5754
5756
5757
5758
5759
5760
5761
5762
5763
5764
5765
5767
5769
5770
5771
5772
5774
5775
5776
5777
5779
5781
5783
5784
5786
5787
5788
5791
5793
5794
5799
5800
5804
5805
5807
5808
5809
5810
5812
5813
5814
5815
5816
5817
5818
5821
5822
5824
5825
5826
5828
5830
5831
5832
5833
5834
5835
5836
5839
5841
5842
5843
5845
5848
5849
5850
5852
5853
5854
5855
5857
5858
5865
5866
5868
5872
5874
5875
5878
5879
5880
5883
5885
5886
5888
5889
5890
5894
5896
5899
5901
5902
5904
5905
5906
5907
5908
5910
5911
5917
5918
5919
5920
5921
5923
5924
5928
5929
5930
5931
5932
5933
5934
5935
5936
5937
5938
5941
5942
5944
5945
5946
5948
5949
5954
5956
5958
5959
5960
5962
5963
5964
5965
5967
5968
5969
5970
5971
5972
5973
5976
5978
5979
5980
5982
5985
5987
5989
5990
5991
5992
5993
5994
5995
5996
5997
5998
5999
6000
6001
6002
6003
6004
6005
6007
6008
6009
6010
6011
6012
6013
6016
6017
6018
6019
6021
6022
6023
6024
6026
6028
6029
6030
6031
6032
6033
6034
6035
6036
6037
6038
6040
6041
6042
6043
6044
6045
6047
6049
6051
6058
6059
6061
6062
6063
6064
6065
6066
6068
6071
6072
6073
6074
6075
6076
6077
6078
6079
6080
6082
6084
6085
6087
6091
6092
6093
6094
6095
6096
6097
6099
6100
6101
6102
6104
6105
6107
6110
6111
6112
6114
6116
6117
6118
6119
6120
6121
6122
6123
6127
6128
6129
6130
6131
6132
6133
6134
6135
6136
6137
6138
6139
6140
6142
6143
6144
6145
6146
6147
6148
6151
6153
6154
6155
6156
6158
6160
6161
6162
6164
6165
6166
6168
6169
6170
6171
6172
6174
6176
6177
6178
6179
6180
6181
6183
6188
6189
6190
6191
6192
6193
6195
6196
6198
6199
6201
6202
6203
6204
6205
6208
6209
6210
6211
6212
6213
6214
6215
6216
6217
6219
6220
6221
6222
6223
6225
6226
6227
6228
6230
6232
6233
6234
6237
6240
6241
6242
6244
6245
6246
6247
6249
6250
6251
6252
6253
6254
6255
6256
6257
6258
6260
6261
6262
6263
6264
6266
6267
6271
6272
6273
6274
6275
6276
6277
6278
6279
6282
6283
6284
6285
6286
6288
6289
6290
6291
6292
6293
6294
6295
6296
6297
6298
6299
6301
6302
6303
6304
6305
6307
6310
6311
6315
6316
6317
6318
6319
6320
6321
6323
6325
6326
6327
6328
6331
6332
6334
6336
6339
6340
6342
6345
6346
6347
6348
6349
6351
6353
6354
6355
6356
6357
6358
6360
6361
6362
6363
6364
6365
6368
6369
6370
6371
6373
6374
6375
6376
6377
6378
6379
6381
6382
6384
6386
6387
6390
6391
6392
6393
6394
6396
6401
6402
6404
6405
6406
6407
6408
6409
6410
6412
6413
6414
6416
6419
6421
6422
6423
6426
6427
6429
6430
6431
6432
6433
6434
6435
6436
6437
6442
6443
6444
6445
6446
6447
6448
6449
6450
6452
6454
6455
6456
6458
6459
6460
6461
6462
6464
6465
6466
6467
6469
6470
6471
6472
6473
6475
6477
6478
6479
6480
6482
6483
6484
6485
6486
6487
6488
6489
6491
6492
6494
6498
6499
6500
6505
6507
6508
6509
6511
6515
6517
6520
6523
6524
6525
6526
6529
6531
6534
6538
6539
6540
6541
6542
6544
6545
6546
6548
6549
6550
6552
6553
6554
6555
6556
6558
6560
6561
6564
6565
6566
6568
6569
6570
6571
6572
6573
6574
6575
6576
6577
6578
6579
6581
6582
6583
6584
6585
6586
6588
6589
6591
6592
6593
6595
6598
6599
6600
6601
6602
6603
6607
6608
6609
6613
6614
6617
6618
6619
6620
6621
6622
6624
6625
6626
6627
6628
6629
6631
6632
6635
6636
6637
6638
6640
6641
6643
6644
6645
6646
6647
6648
6649
6650
6651
6652
6653
6654
6655
6658
6659
6660
6661
6662
6663
6664
6665
6666
6667
6668
6670
6671
6672
6673
6676
6677
6678
6679
6680
6681
6683
6684
6685
6686
6687
6688
6689
6690
6691
6693
6696
6697
6698
6700
6701
6702
6703
6705
6706
6710
6711
6712
6713
6714
6715
6716
6717
6718
6719
6720
6721
6722
6723
6726
6727
6728
6729
6730
6731
6733
6737
6738
6741
6744
6746
6747
6748
6749
6750
6751
6752
6753
6754
6755
6757
6758
6759
6760
6761
6764
6765
6766
6767
6768
6769
6771
6772
6773
6774
6775
6776
6778
6779
6780
6781
6782
6784
6785
6786
6787
6788
6789
6790
6792
6793
6794
6795
6796
6797
6798
6800
6802
6804
6807
6808
6811
6812
6813
6814
6815
6816
6818
6819
6820
6821
6824
6825
6826
6827
6828
6830
6831
6833
6834
6835
6836
6837
6838
6839
6840
6841
6842
6843
6844
6845
6846
6847
6848
6849
6850
6851
6852
6854
6855
6856
6857
6859
6861
6862
6863
6865
6866
6869
6870
6871
6873
6874
6875
6876
6877
6878
6879
6880
6882
6883
6884
6885
6886
6887
6889
6890
6894
6895
6900
6901
6902
6903
6904
6905
6906
6909
6910
6911
6912
6914
6915
6916
6917
6920
6921
6922
6923
6927
6928
6929
6930
6931
6932
6933
6934
6935
6936
6937
6938
6941
6942
6943
6945
6947
6948
6949
6950
6951
6953
6955
6956
6958
6960
6962
6963
6964
6965
6966
6967
6968
6969
6972
6973
6976
6977
6978
6979
6980
6981
6984
6985
6986
6987
6989
6993
6994
6995
6996
6997
6998
6999
7000
7001
7003
7004
7008
7009
7011
7012
7013
7014
7015
7016
7018
7019
7020
7021
7022
7023
7024
7028
7030
7031
7032
7033
7034
7035
7036
7039
7040
7041
7042
7043
7045
7046
7047
7048
7049
7050
7051
7052
7053
7055
7057
7058
7061
7062
7063
7066
7067
7070
7072
7073
7074
7075
7076
7079
7080
7081
7082
7084
7085
7086
7087
7088
7089
7090
7091
7092
7093
7095
7096
7097
7099
7102
7103
7104
7105
7106
7107
7109
7110
7112
7113
7114
7115
7117
7119
7120
7121
7122
7124
7125
7127
7128
7129
7130
7131
7133
7135
7136
7137
7138
7139
7141
7142
7143
7146
7148
7150
7151
7152
7153
7154
7155
7156
7159
7160
7161
7162
7163
7164
7165
7166
7167
7168
7169
7170
7171
7174
7175
7176
7178
7179
7180
7181
7182
7183
7184
7185
7186
7187
7189
7190
7191
7192
7193
7196
7197
7198
7199
7200
7201
7202
7204
7205
7209
7210
7212
7216
7217
7218
7219
7220
7221
7223
7224
7226
7227
7228
7229
7233
7234
7235
7236
7241
7242
7243
7244
7245
7246
7248
7249
7250
7251
7252
7253
7254
7255
7256
7258
7259
7260
7261
7262
7263
7264
7265
7267
7268
7269
7270
7271
7272
7273
7274
7275
7276
7277
7278
7279
7280
7281
7282
7283
7285
7286
7287
7288
7290
7292
7294
7295
7296
7297
7299
7300
7301
7302
7303
7304
7305
7306
7307
7308
7309
7310
7311
7312
7313
7314
7316
7319
7320
7321
7323
7325
7327
7328
7329
7330
7332
7333
7340
7341
7342
7343
7344
7345
7347
7349
7351
7353
7355
7356
7357
7358
7359
7360
7362
7363
7364
7365
7366
7369
7370
7372
7373
7374
7375
7376
7377
7378
7380
7382
7383
7385
7386
7387
7388
7389
7390
7391
7392
7393
7394
7396
7397
7398
7400
7402
7403
7404
7405
7406
7407
7409
7411
7412
7413
7415
7417
7418
7420
7421
7423
7425
7427
7428
7432
7433
7434
7435
7436
7437
7438
7439
7440
7441
7442
7444
7445
7447
7448
7449
7450
7451
7453
7455
7456
7457
7458
7460
7461
7463
7464
7466
7468
7469
7470
7472
7473
7474
7475
7477
7478
7479
7480
7481
7483
7484
7486
7488
7489
7490
7491
7493
7494
7496
7497
7498
26319
26320
26323
26324
26328
26330
26331
26332
26333
26334
26335
26337
26338
26341
26343
26345
26349
26350
26352
26354
26356
26358
26359
26360
26369
26398
26401
26403
26404
26405
26406
26407
26409
26410
26411
26412
26413
26414
26415
26416
26418
26419
26420
26421
26423
26424
26427
26428
26429
26430
26432
26433
26434
26435
26439
26443
26444
26445
26446
26448
26449
26451
26454
26456
26460
26464
26467
26468
26469
26470
26477
26482
26484
26486
26492
26493
26507
26517
26527
26530
26531
26543
26545
26546
26547
26555
26561
26569
26587
26588
26591
26592
26593
26597
26598
26599
26600
26601
26602
26605
26606
26607
26609
26610
26611
26612
26613
26614
26615
26616
26617
26619
26624
26627
26629
26630
26631
26634
26635
26636
26637
26638
26639
26640
26643
26644
26645
26646
26648
26649
26650
26652
26653
26654
26655
26656
26657
26658
26662
26663
26674
26675
26677
26678
26679
26681
26683
26689
26690
26691
26692
26694
26695
26696
26697
26701
26702
26703
26707
26708
26712
26715
26716
26717
26720
26722
26724
26727
26728
26729
26731
26733
26737
26739
26740
26741
26742
26743
26745
26747
26752
26753
26755
26756
26757
26758
26760
26761
26762
26764
26765
26767
26768
26770
26774
26776
26777
26778
26779
26780
26782
26783
26784
26785
26786
26787
26788
26789
26792
26809
26810
26811
26812
26817
26819
26821
26822
26823
26825
26826
26827
26829
26832
26833
26835
26836
26837
26839
26840
26843
26846
26850
26851
26852
26853
26854
26855
26856
26858
26859
26861
26862
26864
26865
26866
26867
26869
26870
26885
26886
26888
26889
26890
26910
26914
26916
26917
26919
26922
26923
26927
26933
26935
26936
26937
26938
26939
26940
26943
26944
26945
26947
26950
26952
26954
26955
26956
26957
26958
26960
26961
26962
26965
26966
26967
26971
26972
26976
26977
26979
26982
26984
26986
26993
26995
27001
27002
27003
27005
27006
27007
27008
27010
27011
27012
27013
27014
27015
27016
27018
27019
27021
27027
27030
27037
27047
27048
27049
27050
27051
27052
27056
27058
27060
27061
27062
27069
27071
27076
27077
27078
27079
27081
27082
27086
27087
27088
27089
27095
27096
27099
27100
27104
27105
27110
27111
27112
27115
27116
27118
27119
27120
27121
27123
27124
27129
27130
27131
27132
27133
27134
27137
27139
27140
27141
27142
27143
27144
27147
27148
27150
27151
27152
27153
27154
27155
27156
27158
27161
27164
27165
27166
27167
27169
27171
27174
27175
27177
27180
27181
27183
27184
27185
27186
27189
27191
27192
27193
27194
27199
27201
27202
27203
27204
27205
27206
27207
27209
27213
27218
27222
27228
27231
27232
27233
27235
27236
27237
27238
27239
27240
27241
27243
27244
27245
27246
27247
27249
27250
27251
27252
27253
27254
27256
27257
27258
27259
27260
27261
27262
27265
27267
27280
27284
27292
27293
27295
27296
27310
27311
27312
27313
27314
27315
27316
27317
27318
27319
27320
27321
27322
27327
27328
27332
27334
27335
27336
27337
27346
27348
27349
27350
27351
27352
27353
27354
27355
27373
27413
27432
27437
27441
27443
27444
27445
27446
27447
27449
27450
27454
27457
27458
27462
27470
27473
27476
27478
27479
27481
27482
27484
27488
27489
27493
27497
27498
27506
27508
27516
27517
27525
27530
27531
27535
27537
27539
27542
27543
27544
27558
27559
27562
27567
27568
27570
27574
27578
27589
27599
27600
27602
27615
27617
27618
27619
27620
27621
27629
27632
27640
27641
27643
27646
27648
27649
27651
27654
27655
27664
27666
27667
27668
27669
27670
27671
27672
27673
27675
27679
27681
27684
27685
27686
27687
27688
27691
27692
27693
27694
27695
27696
27697
27699
27701
27702
27708
27711
27717
27718
27726
27728
27729
27730
27731
27733
27734
27735
27739
27741
27744
27745
27746
27747
27750
27758
27759
27771
27775
27776
27777
27783
27786
27790
27791
27792
27808
27809
27813
27815
27816
27819
27820
27827
27833
27840
27843
27847
27848
27849
27850
27851
27857
27858
27859
27860
27864
27872
27878
27886
27891
27892
27893
27904
27905
27918
27921
27929
27955
27958
27962
27964
27967
27969
27971
27974
27975
27976
27977
27984
27991
27992
27993
27997
28005
28013
28014
28015
28017
28018
28021
28026
28027
28029
28030
28036
28041
28044
28046
28051
28052
28054
28055
28056
28062
28063
28064
28065
28068
28069
28070
28071
28072
28076
28079
28080
28081
28082
28083
28084
28087
28090
28091
28092
28093
28094
28095
28096
28097
28113
28115
28117
28119
28121
28122
28129
28153
28159
28160
28162
28163
28164
28172
28173
28174
28175
28177
28180
28181
28183
28184
28185
28186
28189
28191
28192
28193
28194
28195
28196
28197
28199
28200
28201
28202
28204
28205
28206
28207
28208
28209
28212
28214
28215
28216
28217
28218
28219
28224
28229
28231
28232
28234
28235
28237
28238
28240
28241
28242
28243
28245
28246
28248
28249
28250
28251
28252
28253
28255
28257
28258
28259
28260
28261
28263
28265
28269
28271
28272
28275
28277
28278
28279
28280
28281
28282
28283
28285
28286
28289
28292
28293
28294
28295
28296
28298
28299
28300
28301
28303
28304
28306
28308
28310
28312
28313
28314
28315
28317
28319
28322
28323
28324
28326
28327
28328
28330
28343
28345
28346
28347
28348
28349
28353
28356
28357
28358
28360
28365
28366
28367
28370
28372
28373
28374
28375
28376
28379
28380
28381
28382
28383
28384
28385
28386
28387
28388
28389
28390
28391
28392
28393
28394
28395
28396
28397
28398
28399
28401
28402
28404
28406
28412
28413
28415
28416
28417
28418
28420
28422
28423
28424
28425
28426
28428
28429
28430
28431
28432
28433
28434
28435
28444
28445
28446
28447
28448
28449
28450
28451
28452
28453
28454
28455
28456
28457
28459
28460
28462
28463
28465
28466
28467
28468
28469
28470
28471
28472
28473
28474
28475
28476
28477
28480
28482
28483
28484
28488
28489
28491
28493
28496
28497
28498
28499
28500
28502
28503
28504
28505
28506
28507
28508
28509
28513
28515
28516
28518
28519
28520
28521
28522
28523
28527
28530
28532
28533
28534
28535
28536
28537
28540
28541
28548
28549
28551
28552
28554
28555
28556
28561
28563
28564
28565
28566
28567
28568
28569
28570
28571
28572
28573
28575
28579
28581
28582
28583
28584
28589
28590
28591
28592
28595
28596
28598
28599
28606
28609
28610
28611
28612
28613
28615
28618
28619
28620
28622
28631
28635
28636
28637
28638
28646
28654
28658
28660
28661
28662
28663
28664
28665
28666
28667
28674
28689
28692
28694
28696
28697
28703
28704
28705
28711
28712
28713
28721
28722
28723
28724
28725
28726
28727
28728
28729
28731
28733
28736
28737
28738
28741
28744
28745
28746
28747
28748
28749
28750
28752
28753
28755
28756
28757
28758
28760
28761
28776
28777
28778
28779
28790
28793
28794
28798
28812
28814
28815
28817
28831
28832
28833
28834
28835
28836
28845
28847
28860
28862
28865
28869
28870
28871
28872
28876
28877
28878
28881
28882
28885
28890
28894
28895
28896
28897
28898
28902
28908
28910
28912
28913
28914
28916
28917
28918
28919
28920
28921
28922
28923
28925
28926
28927
28930
28934
28939
28957
28958
28959
28964
28970
28971
28972
28973
28974
28975
28976
28977
28982
28983
28985
28986
28987
28988
28989
28991
28992
28993
28994
28995
28996
28997
28998
28999
29001
29003
29006
29007
29008
29009
29010
29011
29012
29013
29014
29015
29016
29017
29018
29019
29021
29022
29023
29024
29025
29028
29032
29033
29036
29037
29038
29039
29040
29043
29045
29046
29047
29048
29049
29052
29054
29055
29063
29064
29065
29066
29067
29069
29070
29071
29072
29074
29075
29076
29077
29078
29079
29085
29086
29087
29088
29089
29090
29091
29092
29095
29096
29097
29098
29101
29103
29105
29109
29111
29113
29116
29117
29118
29123
29126
29127
29128
29129
29135
29138
29139
29140
29141
29144
29145
29147
29148
29149
29150
29152
29153
29154
29155
29161
29162
29167
29168
29174
29175
29176
29177
29178
29179
29183
29185
29190
29191
29193
29194
29196
29197
29200
29202
29203
29204
29205
29206
29210
29212
29214
29217
29219
29220
29221
29222
29223
29225
29226
29233
29236
29239
29240
29245
29248
29249
29250
29251
29252
29255
29257
29258
29259
29260
29261
29262
29263
29265
29271
29272
29273
29274
29275
29276
29278
29279
29280
29282
29283
29284
29286
29287
29288
29289
29290
29291
29292
29295
29296
29297
29298
29299
29301
29303
29305
29307
29308
29309
29311
29313
29314
29316
29317
29318
29319
29320
29321
29322
29323
29324
29326
29328
29329
29330
29347
29348
29349
29351
29352
29354
29355
29356
29357
29361
29364
29370
29371
29372
29373
29374
29375
29376
29377
29378
29379
29380
29381
29382
29383
29384
29385
29386
29387
29388
29389
29400
29401
29403
29404
29405
29410
29411
29413
29415
29416
29417
29420
29421
29422
29423
29424
29425
29426
29427
29428
29429
29430
29431
29432
29433
29434
29435
29436
29437
29438
29439
29440
29441
29448
29451
29452
29455
29456
29457
29458
29460
29461
29462
29463
29465
29472
29483
29486
29487
29488
29489
29492
29496
29497
29502
29503
29504
29506
29508
29509
29510
29512
29513
29514
29515
29521
29524
29528
29534
29540
29541
29543
29545
29546
29547
29548
29550
29551
29552
29553
29554
29555
29557
29559
29560
29561
29562
29563
29564
29565
29566
29567
29569
29570
29572
29573
29574
29575
29576
29577
29578
29580
29581
29584
29586
29587
29588
29589
29590
29591
29592
29593
29594
29595
29596
29597
29598
29599
29600
29601
29602
29606
29607
29608
29610
29612
29613
29615
29616
29619
29621
29622
29623
29624
29625
29626
29627
29628
29630
29632
29633
29634
29635
29636
29637
29639
29640
29641
29642
29643
29644
29645
29647
29649
29650
29651
29652
29654
29658
29666
29667
29668
29671
29672
29673
29674
29675
29676
29677
29678
29679
29680
29681
29683
29684
29685
29688
29689
29690
29691
29694
29695
29696
29698
29699
29700
29701
29702
29703
29704
29705
29706
29707
29709
29710
29711
29712
29713
29714
29715
29716
29717
29718
29719
29720
29721
29722
29723
29724
29725
29726
29727
29731
29732
29736
29737
29743
29745
29746
29747
29749
29750
29752
29755
29756
29757
29758
29765
29773
29775
29778
29783
29784
29785
29787
29790
29791
29792
29794
29795
29796
29798
29799
29800
29801
29802
29803
29804
29805
29806
29807
29808
29811
29813
29814
29816
29817
29818
29819
29821
29822
29823
29824
29825
29826
29827
29828
29829
29830
29833
29835
29837
29839
29840
29842
29843
29844
29845
29848
29850
29851
29859
29860
29861
29863
29864
29866
29868
29869
29870
29872
29873
29874
29875
29876
29877
29878
29879
29880
29881
29882
29883
29884
29886
29887
29888
29891
29893
29896
29897
29899
29902
29903
29904
29905
29906
29907
29908
29909
29910
29911
29912
29913
29916
29917
29918
29924
29926
29929
29930
29931
29932
29942
29948
29949
29950
29951
29952
29953
29954
29955
29961
29966
29968
29969
29970
29973
29974
29975
29976
29978
29979
29997
29998
29999
30004
30016
30017
30019
30020
30021
30022
30023
30024
30027
30282
30283
30532
30534
30557
30559
30571
30673
30745
30806
30810
30811
30889
30942
30966
31002
31003
31008
31009
31012
31230
31249
31281
31282
31296
31323
31328
31338
31375
31389
31773
31774
31777
31778
31779
31782
31785
31788
31789
31790
31804
31834
31836
31848
31940
31944
31984
31987
32045
32155
32159
32263
32487
32488
32735
32892
33071
33072
33306
33367
33552
33735
33897
34008
34019
34032
34046
34127
34135
34400
34412
34599
34669
34677
34699
34769
34805
34817
34818
34820
34902
34907
34930
34975
35033
35034
35035
35087
35312
35319
35413
35501
35502
35516
35519
35524
35545
35579
35583
35699
35743
35845
35934
35940
35949
35999
36024
36159
36197
36226
36240
36331
36370
36441
36486
36592
36651
36732
36781
36782
36865
36908
36924
37020
37028
37075
37104
37193
37223
37226
37345
37348
37391
37447
37467
37512
37603
37641
37875
38601
38798
39460
39484
39546
39564
39579
39585
39591
39922
39933
39934
39936
39938
39977
40035
40626
40670
40672
40673
40737
40741
40755
40759
40761
40777
40905
40914
40984
40986
41038
41047
41093
41241
41242
41507
41717
41787
41802
42026
42038
42159
42160
42256
42257
42264
43131
43133
43320
43377
43378
43470
43472
43474
43551
43571
43666
43672
43829
43904
43964
43965
53717
53719
53720
53721
53722
53723
53724
53725
53730
53731
53732
53733
53734
53736
53737
53738
53739
53740
53741
53742
53743
53744
53745
53746
53747
53748
53749
53750
53751
53752
53753
53754
53755
53756
53757
53758
53759
53760
53761
53762
53763
53764
53765
53767
53768
53769
53770
53771
53772
53773
53774
53775
53776
53777
53778
53779
53780
53781
53782
53783
53784
53785
53786
53787
53788
53789
53790
53791
53792
53793
53794
53795
53796
53797
53798
53799
53800
53801
53802
53803
53804
53805
53807
53808
53809
53810
53811
53812
53813
53814
53815
53816
53817
53818
53819
53820
53821
53822
53823
53824
53825
53826
53827
53829
53830
53831
53838
53846
53854
53864
53870
53871
53875
53879
53880
53881
53882
53884
53886
53890
53892
53893
53894
53895
53896
53898
53899
53900
53901
53903
53904
53905
53906
53908
53909
53910
53911
53914
53915
53916
53917
53918
53919
53920
53921
53923
53925
53927
53928
53929
53930
53931
53933
53934
53936
53941
53943
53944
53946
53952
53956
53958
53971
53977
53985
53990
53998
54003
54008
54013
54017
54018
54025
54029
54032
54033
54039
54047
54055
54056
54058
54062
54067
54072
54077
54078
54081
54087
54095
54096
54099
54100
54105
54114
54135
54137
54143
54145
54151
54153
54161
54167
54168
54172
54177
54178
54183
54185
54191
54195
54205
54215
54225
54253
54257
54270
54271
54274
54275
54277
54279
54282
54283
54285
54286
54291
54295
54296
54300
54301
54302
54310
54315
54317
54318
54321
54322
54323
54325
54326
54329
54334
54341
54344
54347
54349
54355
54363
54365
54373
54377
54380
54381
54391
54392
54401
54403
54405
54408
54410
54413
54415
54416
54418
54420
54422
54423
54424
54427
54428
54430
54432
54437
54438
54444
54445
54451
54462
54465
54475
54476
54477
54478
54479
54480
54481
54482
54483
54493
54500
54511
54517
54521
54525
54526
54531
54533
54535
54544
54567
54575
54593
54600
54611
54617
54622
54627
54630
54656
54662
54669
54676
54692
54697
54702
54703
54717
54722
54767
54770
54773
54791
54802
54812
54817
54824
54826
54827
54829
54832
54848
54851
54855
54856
54872
54875
54879
54880
54883
54889
54895
54896
54897
54898
54899
54900
54901
54902
54903
54904
54905
54906
54908
54909
54910
54911
54912
54913
54915
54920
54923
54924
54926
54927
54929
54932
54934
54937
54953
54955
54956
54957
54960
54961
54974
54977
54978
54981
54986
54992
54994
54997
55004
55006
55008
55009
55010
55014
55018
55021
55030
55031
55033
55041
55042
55043
55044
55045
55047
55049
55052
55053
55054
55058
55060
55065
55066
55067
55068
55069
55070
55071
55073
55074
55075
55079
55080
55081
55082
55083
55084
55086
55087
55089
55090
55091
55092
55093
55095
55096
55097
55098
55099
55101
55102
55104
55105
55106
55107
55108
55109
55113
55114
55115
55116
55117
55118
55119
55120
55121
55123
55124
55125
55126
55127
55128
55129
55130
55133
55135
55136
55137
55138
55139
55140
55141
55142
55144
55145
55146
55147
55148
55149
55151
55153
55154
55156
55157
55158
55160
55161
55162
55163
55164
55165
55166
55167
55168
55169
55171
55172
55174
55177
55178
55180
55181
55182
55184
55185
55186
55187
55188
55189
55190
55191
55192
55193
55194
55195
55196
55198
55199
55200
55201
55202
55204
55205
55206
55208
55209
55211
55212
55213
55214
55215
55216
55217
55218
55219
55220
55221
55222
55223
55224
55225
55226
55229
55230
55231
55232
55233
55234
55235
55236
55237
55239
55240
55241
55242
55243
55244
55245
55247
55248
55302
55346
55357
55365
55366
55372
55373
55374
55375
55376
55377
55378
55379
55380
55382
55383
55384
55385
55386
55387
55388
55389
55390
55391
55392
55393
55394
55396
55397
55398
55399
55400
55401
55402
55406
55410
55411
55412
55413
55414
55415
55416
55417
55419
55420
55421
55422
55423
55424
55425
55426
55428
55429
55430
55431
55432
55433
55434
55435
55436
55437
55438
55439
55448
55449
55450
55451
55453
55454
55455
55456
55457
55458
55459
55460
55461
55462
55463
55464
55465
55466
55467
55468
55469
55470
55471
55472
55473
55475
55477
55480
55481
55482
55483
55485
55486
55487
55488
55489
55490
55491
55493
55494
55495
55496
55497
55498
55499
55500
55501
55503
55504
55505
55506
55507
55508
55509
55510
55511
55512
55513
55514
55515
55517
55520
55521
55522
55523
55525
55526
55527
55528
55530
55531
55535
55536
55537
55538
55540
55541
55542
55544
55545
55546
55547
55548
55549
55550
55551
55552
55553
55555
55558
55559
55560
55561
55562
55563
55564
55565
55566
55567
55568
55569
55570
55571
55572
55573
55604
55609
55611
55612
55613
55615
55616
55617
55618
55619
55620
55621
55622
55624
55625
55626
55627
55628
55629
55630
55631
55632
55633
55634
55635
55636
55637
55638
55639
55640
55641
55642
55643
55644
55645
55646
55647
55648
55649
55650
55651
55652
55653
55654
55656
55657
55658
55659
55660
55661
55665
55666
55674
55676
55678
55680
55685
55687
55688
55689
55690
55691
55692
55693
55696
55697
55698
55699
55700
55701
55702
55703
55704
55705
55706
55707
55708
55709
55710
55711
55712
55713
55714
55715
55716
55717
55718
55719
55720
55722
55723
55724
55725
55726
55729
55731
55732
55733
55734
55742
55743
55744
55745
55746
55747
55748
55749
55750
55751
55753
55754
55755
55756
55757
55759
55760
55762
55763
55764
55765
55766
55768
55769
55770
55771
55772
55773
55774
55775
55776
55778
55779
55781
55782
55783
55784
55785
55786
55787
55788
55789
55790
55791
55792
55793
55794
55795
55796
55797
55798
55799
55800
55802
55803
55804
55805
55806
55808
55810
55811
55813
55827
55830
55832
55836
55837
55838
55839
55840
55841
55842
55843
55844
55845
55846
55847
55848
55849
55850
55851
55852
55854
55856
55857
55858
55859
55860
55861
55862
55863
55865
55866
55867
55868
55869
55870
55871
55872
55873
55876
55877
55880
55881
55882
55883
55884
55885
55886
55887
55888
55889
55890
55891
55892
55893
55894
55896
55897
55898
55899
55900
55901
55902
55904
55905
55906
55907
55908
55909
55910
55911
55912
55913
55915
55916
55917
55918
55919
55920
55921
55922
55923
55925
55926
55927
55930
55933
55934
55935
55936
55937
55938
55939
55940
55941
55942
55943
55944
55945
55946
55947
55948
55949
55950
55951
55952
55954
55956
55960
55961
55962
55963
55964
55965
55967
55969
55970
55971
55972
55987
55988
55989
55990
55991
55992
55994
55995
55997
55998
55999
56000
56001
56002
56003
56004
56006
56008
56010
56011
56012
56016
56017
56018
56019
56020
56021
56022
56023
56024
56025
56026
56027
56028
56029
56032
56034
56036
56038
56039
56041
56042
56044
56045
56046
56047
56048
56049
56050
56051
56052
56053
56054
56055
56056
56057
56058
56059
56060
56061
56062
56063
56064
56065
56066
56078
56080
56084
56085
56086
56088
56091
56094
56097
56099
56100
56101
56102
56103
56105
56106
56108
56112
56113
56114
56116
56118
56120
56121
56124
56125
56128
56132
56134
56136
56138
56140
56141
56142
56143
56146
56148
56149
56150
56151
56152
56153
56154
56155
56156
56157
56158
56159
56161
56162
56163
56164
56165
56166
56168
56175
56176
56180
56181
56182
56183
56184
56185
56186
56187
56188
56189
56190
56191
56192
56193
56194
56195
56196
56197
56198
56199
56200
56201
56202
56203
56204
56205
56206
56207
56208
56209
56210
56211
56212
56213
56214
56215
56216
56217
56218
56219
56220
56221
56222
56224
56225
56226
56227
56228
56229
56230
56231
56232
56233
56234
56236
56237
56238
56239
56240
56241
56242
56243
56244
56245
56246
56247
56248
56249
56250
56251
56252
56253
56254
56255
56256
56257
56258
56260
56265
56266
56267
56268
56269
56270
56271
56272
56273
56274
56275
56276
56277
56278
56279
56280
56281
56282
56283
56284
56285
56286
56287
56288
56289
56290
56291
56292
56293
56294
56295
56303
56305
56306
56307
56308
56309
56310
56311
56312
56313
56314
56315
56316
56317
56318
56319
56320
56321
56322
56323
56324
56325
56326
56327
56328
56329
56330
56331
56332
56333
56334
56337
56341
56342
56343
56344
56345
56346
56348
56349
56350
56351
56352
56354
56355
56356
56357
56358
56359
56361
56362
56363
56364
56365
56366
56367
56368
56369
56370
56371
56374
56376
56377
56378
56379
56380
56381
56382
56383
56384
56385
56387
56388
56391
56392
56393
56395
56397
56398
56399
56400
56401
56402
56403
56404
56405
56406
56407
56409
56410
56411
56413
56414
56415
56416
56417
56418
56419
56420
56421
56424
56425
56426
56427
56429
56430
56431
56432
56433
56434
56435
56436
56437
56438
56439
56440
56441
56442
56443
56446
56447
56448
56449
56450
56451
56452
56453
56454
56455
56456
56457
56458
56459
56460
56461
56462
56463
56464
56465
56466
56467
56468
56469
56470
56471
56472
56473
56474
56475
56476
56477
56478
56479
56481
56485
56486
56489
56491
56492
56493
56494
56495
56496
56497
56498
56501
56505
56507
56509
56513
56514
56515
56517
56518
56519
56520
56521
56522
56523
56524
56525
56526
56527
56529
56530
56532
56533
56534
56535
56536
56537
56542
56543
56544
56545
56546
56547
56548
56549
56550
56551
56552
56553
56554
56555
56556
56558
56559
56560
56561
56562
56563
56564
56565
56566
56567
56568
56569
56570
56571
56573
56574
56575
56576
56579
56580
56581
56582
56583
56584
56585
56586
56587
56588
56589
56590
56592
56593
56594
56595
56596
56597
56598
56599
56600
56601
56602
56603
56604
56605
56606
56607
56608
56609
56610
56615
56616
56630
56639
56640
56641
56642
56643
56644
56645
56646
56647
56648
56649
56650
56651
56652
56653
56654
56655
56656
56657
56658
56659
56660
56661
56662
56663
56664
56665
56666
56667
56668
56669
56670
56671
56672
56673
56674
56675
56676
56677
56678
56679
56680
56681
56682
56683
56684
56685
56686
56687
56688
56689
56690
56691
56693
56695
56696
56697
56698
56699
56700
56702
56703
56705
56706
56707
56708
56709
56711
56712
56713
56714
56715
56716
56717
56718
56719
56720
56722
56723
56724
56725
56726
56728
56729
56730
56731
56732
56733
56734
56735
56736
56737
56738
56739
56740
56741
56742
56743
56744
56745
56746
56747
56748
56749
56750
56751
56753
56754
56755
56756
56757
56758
56759
56760
56761
56762
56763
56764
56765
56766
56767
56768
56769
56770
56771
56772
56773
56774
56775
56776
56777
56778
56779
56780
56781
56782
56783
56784
56785
56786
56787
56788
56789
56790
56791
56792
56793
56794
56795
56797
56798
56799
56800
56801
56802
56803
56804
56805
56806
56807
56808
56809
56810
56811
56812
56813
56814
56815
56816
56817
56818
56819
56820
56822
56823
56824
56825
56826
56827
56828
56829
56830
56831
56832
56834
56835
56837
56838
56840
56841
56842
56843
56844
56846
56847
56848
56849
56850
56851
56852
56854
56860
56861
56863
56865
56868
56869
56876
56877
56878
56879
56880
56881
56882
56883
56884
56885
56886
56887
56888
56889
56890
56891
56892
56893
56894
56895
56896
56897
56898
56899
56900
56901
56902
56903
56904
56906
56907
56908
56909
56910
56911
56912
56913
56914
56915
56916
56917
56918
56919
56921
56922
56923
56924
56925
56926
56927
56928
56929
56930
56932
56933
56934
56935
56936
56937
56938
56939
56940
56941
56942
56943
56944
56945
56947
56949
56950
56951
56952
56953
56954
56955
56956
56957
56958
56959
56960
56961
56962
56963
56964
56965
56966
56967
56968
56969
56970
56971
56972
56973
56974
56975
56977
56978
56979
56980
56981
56982
56983
56984
56985
56986
56987
56989
56990
56991
56992
56993
56994
56995
56996
56998
57000
57001
57002
57003
57004
57005
57006
57007
57008
57009
57010
57011
57012
57013
57014
57015
57016
57018
57019
57020
57021
57022
57023
57024
57025
57026
57027
57028
57030
57031
57032
57033
57034
57035
57037
57039
57041
57042
57043
57044
57045
57046
57047
57048
57049
57050
57051
57052
57053
57054
57055
57056
57057
57058
57059
57060
57061
57062
57063
57064
57065
57067
57068
57069
57070
57071
57072
57073
57074
57075
57077
57078
57079
57080
57081
57082
57083
57084
57085
57086
57087
57088
57089
57090
57091
57092
57093
57094
57095
57096
57097
57098
57100
57101
57102
57103
57104
57105
57106
57108
57109
57110
57112
57113
57114
57115
57116
57117
57118
57119
57120
57121
57122
57123
57124
57125
57126
57127
57128
57138
57142
57149
57155
57156
57165
57176
57177
57183
57186
57187
57188
57190
57192
57211
57222
57228
57229
57241
57242
57245
57249
57252
57266
57270
57271
57277
57280
57283
57291
57300
57308
57315
57316
57319
57325
57340
57342
57348
57354
57362
57364
57365
57369
57371
57377
57381
57398
57400
57404
57407
57408
57411
57418
57423
57428
57431
57433
57434
57435
57438
57441
57466
57468
57471
57472
57478
57479
57493
57494
57501
57508
57515
57517
57518
57522
57528
57534
57538
57540
57547
57551
57552
57555
57564
57570
57575
57585
57599
57601
57603
57614
57615
57633
57638
57640
57645
57649
57651
57656
57660
57667
57686
57689
57699
57700
57716
57721
57742
57748
57751
57753
57757
57760
57763
57776
57782
57786
57792
57802
57805
57807
57808
57809
57811
57825
57826
57830
57831
57837
57845
57859
57864
57881
57884
57890
57896
57903
57918
57921
57922
57933
57935
57956
57958
57963
57977
57980
57987
57990
57995
57997
58005
58007
58011
58016
58019
58021
58024
58027
58029
58031
58032
58033
58034
58035
58038
58046
58052
58070
58083
58092
58093
58102
58103
58114
58121
58123
58128
58133
58138
58139
58141
58142
58144
58145
58147
58148
58151
58152
58157
58163
58172
58174
58187
58192
58195
58197
58198
58200
58203
58207
58232
58236
58243
58246
58247
58252
58264
58266
58268
58269
58270
58281
58289
58290
58291
58292
58296
58301
58304
58307
58313
58315
58322
58326
58328
58338
58342
58343
58344
58351
58368
58371
58376
58377
58378
58380
58386
58392
58394
58399
58412
58442
58448
58452
58454
58455
58459
58463
58465
58474
58478
58479
58489
58490
58495
58496
58507
58523
58528
58531
58550
58554
58555
58563
58569
58573
58579
58584
58589
58606
58609
58613
58616
58617
58633
58635
58648
58651
58653
58654
58660
58665
58666
58667
58680
58682
58683
58684
58690
58692
58695
58702
58705
58707
58711
58714
58724
58744
58746
58748
58751
58752
58756
58758
58760
58763
58772
58778
58783
58784
58785
58793
58803
58805
58808
58811
58813
58814
58817
58825
58838
58845
58849
58856
58859
58861
58865
58879
58883
58886
58892
58894
58896
58899
58908
58914
58923
58926
58927
58928
58931
58936
58948
58950
58951
58955
58956
58958
58975
58976
58987
58988
58992
58995
58998
59000
59002
59013
59025
59038
59039
59044
59047
59050
59058
59072
59085
59100
59104
59110
59113
59114
59115
59117
59125
59131
59137
59139
59144
59147
59148
59157
59158
59164
59165
59167
59171
59180
59181
59184
59190
59195
59207
59209
59211
59213
59215
59219
59223
59226
59235
59238
59241
59253
59256
59261
59265
59266
59267
59269
59273
59274
59288
59298
59301
59304
59314
59319
59328
59329
59331
59333
59335
59338
59339
59340
59349
59350
59360
59365
59374
59375
59378
59379
59381
59385
59387
59389
59391
59395
59396
59408
59415
59423
59428
59432
59443
59444
59456
59458
59465
59467
59469
59475
59477
59483
59485
59487
59490
59509
59511
59513
59516
59519
59525
59534
59539
59542
59549
59553
59557
59565
59573
59576
59578
59591
59593
59594
59601
59604
59605
59620
59626
59628
59632
59640
59644
59670
59674
59677
59684
59687
59690
59693
59698
59702
59706
59713
59718
59722
59730
59737
59739
59747
59753
59756
59759
59763
59765
59766
59775
59785
59788
59792
59806
59812
59813
59814
59829
59837
59838
59841
59843
59853
59867
59868
59871
59874
59878
59879
59881
59886
59890
59900
59912
59915
59916
59917
59919
59928
59932
59933
59937
59938
59943
59944
59953
59961
59968
59970
59971
59975
59979
59983
59986
59991
59995
60003
60009
60012
60016
60023
60025
60026
60028
60036
60038
60040
60057
60062
60067
60069
60078
60080
60081
60082
60085
60094
60108
60115
60118
60120
60122
60124
60145
60149
60150
60151
60161
60162
60165
60166
60168
60171
60177
60182
60185
60188
60189
60190
60195
60198
60206
60207
60208
60210
60227
60229
60233
60235
60241
60245
60252
60259
60262
60264
60271
60283
60289
60290
60294
60296
60299
60303
60309
60310
60311
60314
60326
60332
60339
60340
60343
60355
60359
60361
60365
60369
60379
60380
60383
60384
60392
60396
60397
60398
60400
60401
60409
60410
60421
60436
60455
60456
60465
60467
60479
60487
60492
60497
60507
60509
60511
60519
60525
60526
60527
60529
60544
60547
60553
60556
60557
60558
60559
60563
60565
60576
60579
60581
60583
60602
60614
60629
60631
60646
60649
60656
60659
60662
60665
60671
60675
60677
60679
60685
60690
60693
60698
60701
60714
60715
60718
60719
60728
60740
60741
60745
60749
60764
60771
60777
60779
60781
60793
60798
60801
60814
60815
60816
60821
60822
60833
60837
60851
60853
60866
60869
60896
60899
60919
60925
60927
60931
60938
60946
60952
60974
60977
60978
60981
60989
60991
60993
60997
60998
60999
61004
61010
61011
61015
61030
61044
61050
61060
61067
61078
61080
61087
61103
61104
61125
61138
61144
61153
61158
61160
61162
61171
61172
61178
61183
61188
61190
61193
61195
61197
61201
61208
61228
61232
61242
61247
61261
61267
61269
61277
61287
61296
61300
61307
61308
61311
61312
61327
61340
61350
61359
61361
61365
61376
61379
61388
61396
61402
61403
61412
61413
61416
61420
61422
61429
61433
61441
61445
61449
61454
61466
61471
61473
61476
61492
61494
61495
61499
61500
61508
61517
61521
61522
61527
61531
61533
61535
61540
61547
61548
61556
61558
61562
61564
61575
61577
61582
61586
61590
61591
61592
61598
61608
61612
61615
61616
61622
61630
61633
61635
61638
61644
61645
61650
61651
61652
61655
61659
61670
61681
61688
61694
61695
61702
61703
61712
61725
61731
61738
61743
61752
61753
61775
61778
61779
61780
61782
61785
61790
61793
61795
61802
61808
61813
61816
61821
61824
61831
61840
61842
61855
61856
61857
61867
61876
61888
61894
61899
61901
61917
61920
61926
61937
61941
61946
61957
61958
61965
61970
61971
61977
61983
61986
62018
62034
62035
62037
62041
62042
62044
62045
62047
62060
62062
62068
62071
62084
62093
62101
62102
62107
62111
62125
62134
62137
62141
62147
62149
62152
62165
62173
62174
62178
62185
62193
62196
62198
62202
62204
62209
62212
62220
62228
62229
62231
62232
62239
62247
62248
62249
62263
62266
62269
62272
62273
62283
62286
62288
62305
62309
62312
62320
62330
62334
62337
62340
62344
62347
62350
62355
62358
62370
62374
62375
62385
62389
62393
62394
62396
62397
62398
62401
62402
62404
62417
62420
62421
62424
62435
62436
62439
62442
62446
62451
62452
62472
62479
62481
62486
62492
62493
62497
62521
62526
62533
62540
62543
62548
62551
62554
62556
62563
62568
62572
62591
62597
62600
62601
62606
62627
62628
62629
62630
62633
62642
62648
62653
62654
62657
62671
62677
62678
62686
62699
62702
62711
62716
62721
62725
62729
62734
62735
62746
62747
62751
62755
62759
62761
62774
62779
62783
62792
62796
62798
62814
62817
62819
62821
62835
62842
62850
62853
62856
62860
62861
62862
62863
62866
62871
62876
62879
62889
62891
62892
62893
62901
62915
62922
62937
62940
62949
62953
62954
62956
62959
62964
62966
62968
62970
62972
62980
62981
62982
62983
62984
62985
62999
63001
63006
63008
63014
63015
63017
63022
63030
63034
63042
63050
63057
63062
63064
63067
63079
63083
63089
63096
63105
63109
63121
63122
63128
63131
63136
63138
63141
63149
63162
63167
63178
63182
63189
63197
63200
63201
63204
63209
63214
63216
63220
63226
63240
63243
63244
63245
63246
63249
63285
63286
63287
63292
63298
63308
63310
