# Строгий whitelist сессии 12.09.2026: задачи, которые ПЕРЕЕЗЖАЮТ на прод.
# Отбор — CLAUDE_ARCHIVE / карточка «Перенос корпуса на прод».
3993
3996
3998
4000
4034
4037
4083
4182
4241
4249
4303
4304
4324
4557
4558
4561
4562
4563
4564
4568
4569
4590
4593
4654
4655
4657
4659
4662
4665
4669
4672
4677
4678
4680
4694
4784
4787
4880
4882
4885
4890
4917
5033
5035
5056
26351
26353
26362
26366
26450
26458
26459
26465
26474
26493
26507
26517
26555
26561
26590
26665
26669
26680
26688
26790
26791
26838
26841
26842
26848
26881
26882
26912
26918
26964
26989
27027
27030
27037
27097
27125
27126
27127
27135
27136
27172
27173
27197
27219
27265
27267
27277
27280
27284
27292
27293
27295
27296
27305
27306
27307
27308
27356
27358
27494
27527
27565
27566
27572
27678
27704
27724
27756
27769
27826
27869
27917
27919
27923
27924
27925
27959
28107
28111
28135
28268
28377
28517
28562
28567
28639
28646
28647
28659
28669
28670
28671
28672
28673
28681
28699
28730
28769
28792
28793
28798
28809
28838
28888
28919
28945
28969
29027
29068
29093
29120
29121
29187
29229
29395
29442
29448
29520
29523
29525
29537
29538
29539
29762
29763
29768
29770
29841
29847
29972
29981
30050
30051
30282
30283
30454
30532
30534
30557
30559
30571
30673
30745
30771
30806
30810
30811
30889
30942
30966
30994
31002
31003
31008
31009
31012
31230
31249
31281
31282
31296
31323
31328
31338
31375
31389
31393
31773
31774
31776
31777
31778
31779
31782
31784
31785
31788
31789
31790
31792
31795
31804
31828
31834
31836
31848
31940
31944
31984
31987
32022
32045
32092
32093
32094
32098
32155
32159
32263
32487
32488
32735
32892
33071
33072
33306
33361
33367
33552
33735
33897
33970
34008
34019
34032
34046
34127
34135
34400
34412
34599
34669
34677
34699
34769
34803
34805
34816
34817
34818
34820
34892
34902
34907
34930
34975
35033
35034
35035
35087
35312
35319
35413
35501
35502
35504
35516
35519
35524
35545
35579
35583
35699
35743
35845
35934
35940
35949
35999
36024
36159
36197
36226
36240
36331
36370
36441
36486
36592
36651
36732
36781
36782
36865
36908
36924
37020
37028
37075
37104
37193
37223
37226
37345
37348
37391
37447
37467
37512
37603
37641
37875
38601
38659
38798
39460
39484
39546
39564
39579
39582
39585
39591
39735
39741
39921
39922
39923
39933
39934
39936
39938
39977
40035
40626
40670
40672
40673
40737
40741
40755
40759
40761
40777
40894
40905
40914
40984
40986
41038
41047
41093
41241
41242
41298
41507
41577
41717
41787
41802
41997
42026
42038
42159
42160
42249
42250
42256
42257
42264
42385
43131
43133
43138
43320
43376
43377
43378
43407
43470
43472
43474
43551
43556
43571
43666
43672
43727
43829
43879
43896
43904
43964
43965
53717
53719
53720
53721
53722
53723
53724
53725
53730
53731
53732
53733
53734
53736
53737
53738
53739
53740
53741
53742
53743
53744
53745
53746
53747
53748
53749
53750
53751
53752
53753
53754
53755
53756
53757
53758
53759
53760
53761
53762
53763
53764
53765
53767
53768
53769
53770
53771
53772
53773
53774
53775
53776
53777
53778
53779
53780
53781
53782
53783
53784
53785
53786
53787
53788
53789
53790
53791
53792
53793
53794
53795
53796
53797
53798
53799
53800
53801
53802
53803
53804
53805
53807
53808
53809
53810
53811
53812
53813
53814
53815
53816
53817
53818
53819
53820
53821
53822
53823
53824
53825
53826
53827
53829
53830
53831
53838
53846
53854
53864
53870
53871
53875
53879
53880
53881
53882
53884
53886
53890
53892
53893
53894
53895
53896
53898
53899
53900
53901
53903
53904
53905
53906
53908
53909
53910
53911
53914
53915
53916
53917
53918
53919
53920
53921
53923
53925
53927
53928
53929
53930
53931
53933
53934
53936
53941
53943
53944
53946
53952
53956
53958
53971
53977
53985
53990
53998
54003
54008
54013
54017
54018
54025
54029
54032
54033
54039
54047
54055
54056
54058
54062
54067
54072
54077
54078
54081
54087
54095
54096
54099
54100
54105
54114
54135
54137
54143
54145
54151
54153
54161
54167
54168
54172
54177
54178
54183
54185
54191
54195
54205
54215
54225
54253
54257
54270
54271
54274
54275
54277
54279
54282
54283
54285
54286
54291
54295
54296
54300
54301
54302
54310
54315
54317
54318
54321
54322
54323
54325
54326
54329
54334
54341
54344
54347
54349
54355
54363
54365
54373
54377
54380
54381
54391
54392
54401
54403
54405
54408
54410
54413
54415
54416
54418
54420
54422
54423
54424
54427
54428
54430
54432
54437
54438
54444
54445
54451
54462
54465
54475
54476
54477
54478
54479
54480
54481
54482
54483
54493
54500
54511
54517
54521
54525
54526
54531
54533
54535
54544
54567
54575
54593
54600
54611
54617
54622
54627
54630
54656
54662
54669
54676
54692
54697
54702
54703
54717
54722
54767
54770
54773
54791
54802
54812
54817
54824
54826
54827
54829
54832
54848
54851
54855
54856
54872
54875
54879
54880
54883
54889
54895
54896
54897
54898
54899
54900
54901
54902
54903
54904
54905
54906
54908
54909
54910
54911
54912
54913
54915
54920
54923
54924
54926
54927
54929
54932
54934
54937
54953
54955
54956
54957
54960
54961
54974
54977
54978
54981
54986
54992
54994
54997
55004
55006
55008
55009
55010
55014
55018
55021
55030
55031
55033
55041
55042
55043
55044
55045
55047
55049
55052
55053
55054
55058
55060
55065
55066
55067
55068
55069
55070
55071
55073
55074
55075
55079
55080
55081
55082
55083
55084
55086
55087
55089
55090
55091
55092
55093
55095
55096
55097
55098
55099
55101
55102
55104
55105
55106
55107
55108
55109
55113
55114
55115
55116
55117
55118
55119
55120
55121
55123
55124
55125
55126
55127
55128
55129
55130
55133
55135
55136
55137
55138
55139
55140
55141
55142
55144
55145
55146
55147
55148
55149
55151
55153
55154
55156
55157
55158
55160
55161
55162
55163
55164
55165
55166
55167
55168
55169
55171
55172
55174
55177
55178
55180
55181
55182
55184
55185
55186
55187
55188
55189
55190
55191
55192
55193
55194
55195
55196
55198
55199
55200
55201
55202
55204
55205
55206
55208
55209
55211
55212
55213
55214
55215
55216
55217
55218
55219
55220
55221
55222
55223
55224
55225
55226
55229
55230
55231
55232
55233
55234
55235
55236
55237
55239
55240
55241
55242
55243
55244
55245
55247
55248
55302
55346
55357
55365
55366
55372
55373
55374
55375
55376
55377
55378
55379
55380
55382
55383
55384
55385
55386
55387
55388
55389
55390
55391
55392
55393
55394
55396
55397
55398
55399
55400
55401
55402
55406
55410
55411
55412
55413
55414
55415
55416
55417
55419
55420
55421
55422
55423
55424
55425
55426
55428
55429
55430
55431
55432
55433
55434
55435
55436
55437
55438
55439
55448
55449
55450
55451
55453
55454
55455
55456
55457
55458
55459
55460
55461
55462
55463
55464
55465
55466
55467
55468
55469
55470
55471
55472
55473
55475
55477
55480
55481
55482
55483
55485
55486
55487
55488
55489
55490
55491
55493
55494
55495
55496
55497
55498
55499
55500
55501
55503
55504
55505
55506
55507
55508
55509
55510
55511
55512
55513
55514
55515
55517
55520
55521
55522
55523
55525
55526
55527
55528
55530
55531
55535
55536
55537
55538
55540
55541
55542
55544
55545
55546
55547
55548
55549
55550
55551
55552
55553
55555
55558
55559
55560
55561
55562
55563
55564
55565
55566
55567
55568
55569
55570
55571
55572
55573
55604
55609
55611
55612
55613
55615
55616
55617
55618
55619
55620
55621
55622
55624
55625
55626
55627
55628
55629
55630
55631
55632
55633
55634
55635
55636
55637
55638
55639
55640
55641
55642
55643
55644
55645
55646
55647
55648
55649
55650
55651
55652
55653
55654
55656
55657
55658
55659
55660
55661
55665
55666
55674
55676
55678
55680
55685
55687
55688
55689
55690
55691
55692
55693
55696
55697
55698
55699
55700
55701
55702
55703
55704
55705
55706
55707
55708
55709
55710
55711
55712
55713
55714
55715
55716
55717
55718
55719
55720
55722
55723
55724
55725
55726
55729
55731
55732
55733
55734
55742
55743
55744
55745
55746
55747
55748
55749
55750
55751
55753
55754
55755
55756
55757
55759
55760
55762
55763
55764
55765
55766
55768
55769
55770
55771
55772
55773
55774
55775
55776
55778
55779
55781
55782
55783
55784
55785
55786
55787
55788
55789
55790
55791
55792
55793
55794
55795
55796
55797
55798
55799
55800
55802
55803
55804
55805
55806
55808
55810
55811
55813
55827
55830
55832
55836
55837
55838
55839
55840
55841
55842
55843
55844
55845
55846
55847
55848
55849
55850
55851
55852
55854
55856
55857
55858
55859
55860
55861
55862
55863
55865
55866
55867
55868
55869
55870
55871
55872
55873
55876
55877
55880
55881
55882
55883
55884
55885
55886
55887
55888
55889
55890
55891
55892
55893
55894
55896
55897
55898
55899
55900
55901
55902
55904
55905
55906
55907
55908
55909
55910
55911
55912
55913
55915
55916
55917
55918
55919
55920
55921
55922
55923
55925
55926
55927
55930
55933
55934
55935
55936
55937
55938
55939
55940
55941
55942
55943
55944
55945
55946
55947
55948
55949
55950
55951
55952
55954
55956
55960
55961
55962
55963
55964
55965
55967
55969
55970
55971
55972
55987
55988
55989
55990
55991
55992
55994
55995
55997
55998
55999
56000
56001
56002
56003
56004
56006
56008
56010
56011
56012
56016
56017
56018
56019
56020
56021
56022
56023
56024
56025
56026
56027
56028
56029
56032
56034
56036
56038
56039
56041
56042
56044
56045
56046
56047
56048
56049
56050
56051
56052
56053
56054
56055
56056
56057
56058
56059
56060
56061
56062
56063
56064
56065
56066
56078
56080
56084
56085
56086
56088
56091
56094
56097
56099
56100
56101
56102
56103
56105
56106
56108
56112
56113
56114
56116
56118
56120
56121
56124
56125
56128
56132
56134
56136
56138
56140
56141
56142
56143
56146
56148
56149
56150
56151
56152
56153
56154
56155
56156
56157
56158
56159
56161
56162
56163
56164
56165
56166
56168
56175
56176
56180
56181
56182
56183
56184
56185
56186
56187
56188
56189
56190
56191
56192
56193
56194
56195
56196
56197
56198
56199
56200
56201
56202
56203
56204
56205
56206
56207
56208
56209
56210
56211
56212
56213
56214
56215
56216
56217
56218
56219
56220
56221
56222
56224
56225
56226
56227
56228
56229
56230
56231
56232
56233
56234
56236
56237
56238
56239
56240
56241
56242
56243
56244
56245
56246
56247
56248
56249
56250
56251
56252
56253
56254
56255
56256
56257
56258
56260
56265
56266
56267
56268
56269
56270
56271
56272
56273
56274
56275
56276
56277
56278
56279
56280
56281
56282
56283
56284
56285
56286
56287
56288
56289
56290
56291
56292
56293
56294
56295
56303
56305
56306
56307
56308
56309
56310
56311
56312
56313
56314
56315
56316
56317
56318
56319
56320
56321
56322
56323
56324
56325
56326
56327
56328
56329
56330
56331
56332
56333
56334
56337
56341
56342
56343
56344
56345
56346
56348
56349
56350
56351
56352
56354
56355
56356
56357
56358
56359
56361
56362
56363
56364
56365
56366
56367
56368
56369
56370
56371
56374
56376
56377
56378
56379
56380
56381
56382
56383
56384
56385
56387
56388
56391
56392
56393
56395
56397
56398
56399
56400
56401
56402
56403
56404
56405
56406
56407
56409
56410
56411
56413
56414
56415
56416
56417
56418
56419
56420
56421
56424
56425
56426
56427
56429
56430
56431
56432
56433
56434
56435
56436
56437
56438
56439
56440
56441
56442
56443
56446
56447
56448
56449
56450
56451
56452
56453
56454
56455
56456
56457
56458
56459
56460
56461
56462
56463
56464
56465
56466
56467
56468
56469
56470
56471
56472
56473
56474
56475
56476
56477
56478
56479
56481
56485
56486
56489
56491
56492
56493
56494
56495
56496
56497
56498
56501
56505
56507
56509
56513
56514
56515
56517
56518
56519
56520
56521
56522
56523
56524
56525
56526
56527
56529
56530
56532
56533
56534
56535
56536
56537
56542
56543
56544
56545
56546
56547
56548
56549
56550
56551
56552
56553
56554
56555
56556
56558
56559
56560
56561
56562
56563
56564
56565
56566
56567
56568
56569
56570
56571
56573
56574
56575
56576
56579
56580
56581
56582
56583
56584
56585
56586
56587
56588
56589
56590
56592
56593
56594
56595
56596
56597
56598
56599
56600
56601
56602
56603
56604
56605
56606
56607
56608
56609
56610
56615
56616
56630
56639
56640
56641
56642
56643
56644
56645
56646
56647
56648
56649
56650
56651
56652
56653
56654
56655
56656
56657
56658
56659
56660
56661
56662
56663
56664
56665
56666
56667
56668
56669
56670
56671
56672
56673
56674
56675
56676
56677
56678
56679
56680
56681
56682
56683
56684
56685
56686
56687
56688
56689
56690
56691
56693
56695
56696
56697
56698
56699
56700
56702
56703
56705
56706
56707
56708
56709
56711
56712
56713
56714
56715
56716
56717
56718
56719
56720
56722
56723
56724
56725
56726
56728
56729
56730
56731
56732
56733
56734
56735
56736
56737
56738
56739
56740
56741
56742
56743
56744
56745
56746
56747
56748
56749
56750
56751
56753
56754
56755
56756
56757
56758
56759
56760
56761
56762
56763
56764
56765
56766
56767
56768
56769
56770
56771
56772
56773
56774
56775
56776
56777
56778
56779
56780
56781
56782
56783
56784
56785
56786
56787
56788
56789
56790
56791
56792
56793
56794
56795
56797
56798
56799
56800
56801
56802
56803
56804
56805
56806
56807
56808
56809
56810
56811
56812
56813
56814
56815
56816
56817
56818
56819
56820
56822
56823
56824
56825
56826
56827
56828
56829
56830
56831
56832
56834
56835
56837
56838
56840
56841
56842
56843
56844
56846
56847
56848
56849
56850
56851
56852
56854
56860
56861
56863
56865
56868
56869
56876
56877
56878
56879
56880
56881
56882
56883
56884
56885
56886
56887
56888
56889
56890
56891
56892
56893
56894
56895
56896
56897
56898
56899
56900
56901
56902
56903
56904
56906
56907
56908
56909
56910
56911
56912
56913
56914
56915
56916
56917
56918
56919
56921
56922
56923
56924
56925
56926
56927
56928
56929
56930
56932
56933
56934
56935
56936
56937
56938
56939
56940
56941
56942
56943
56944
56945
56947
56949
56950
56951
56952
56953
56954
56955
56956
56957
56958
56959
56960
56961
56962
56963
56964
56965
56966
56967
56968
56969
56970
56971
56972
56973
56974
56975
56977
56978
56979
56980
56981
56982
56983
56984
56985
56986
56987
56989
56990
56991
56992
56993
56994
56995
56996
56998
57000
57001
57002
57003
57004
57005
57006
57007
57008
57009
57010
57011
57012
57013
57014
57015
57016
57018
57019
57020
57021
57022
57023
57024
57025
57026
57027
57028
57030
57031
57032
57033
57034
57035
57037
57039
57041
57042
57043
57044
57045
57046
57047
57048
57049
57050
57051
57052
57053
57054
57055
57056
57057
57058
57059
57060
57061
57062
57063
57064
57065
57067
57068
57069
57070
57071
57072
57073
57074
57075
57077
57078
57079
57080
57081
57082
57083
57084
57085
57086
57087
57088
57089
57090
57091
57092
57093
57094
57095
57096
57097
57098
57100
57101
57102
57103
57104
57105
57106
57108
57109
57110
57112
57113
57114
57115
57116
57117
57118
57119
57120
57121
57122
57123
57124
57125
57126
57127
57128
57138
57142
57149
57155
57156
57165
57176
57177
57183
57186
57187
57188
57190
57192
57211
57222
57228
57229
57241
57242
57245
57249
57252
57266
57270
57271
57277
57280
57283
57291
57300
57308
57315
57316
57319
57325
57340
57342
57348
57354
57362
57364
57365
57369
57371
57377
57381
57398
57400
57404
57407
57408
57411
57418
57423
57428
57431
57433
57434
57435
57438
57441
57466
57468
57471
57472
57478
57479
57493
57494
57501
57508
57515
57517
57518
57522
57528
57534
57538
57540
57547
57551
57552
57555
57564
57570
57575
57585
57599
57601
57603
57614
57615
57633
57638
57640
57645
57649
57651
57656
57660
57667
57686
57689
57699
57700
57716
57721
57742
57748
57751
57753
57757
57760
57763
57776
57782
57786
57792
57802
57805
57807
57808
57809
57811
57825
57826
57830
57831
57837
57845
57859
57864
57881
57884
57890
57896
57903
57918
57921
57922
57933
57935
57956
57958
57963
57977
57980
57987
57990
57995
57997
58005
58007
58011
58016
58019
58021
58024
58027
58029
58031
58032
58033
58034
58035
58038
58046
58052
58070
58083
58092
58093
58102
58103
58114
58121
58123
58128
58133
58138
58139
58141
58142
58144
58145
58147
58148
58151
58152
58157
58163
58172
58174
58187
58192
58195
58197
58198
58200
58203
58207
58232
58236
58243
58246
58247
58252
58264
58266
58268
58269
58270
58281
58289
58290
58291
58292
58296
58301
58304
58307
58313
58315
58322
58326
58328
58338
58342
58343
58344
58351
58368
58371
58376
58377
58378
58380
58386
58392
58394
58399
58412
58442
58448
58452
58454
58455
58459
58463
58465
58474
58478
58479
58489
58490
58495
58496
58507
58523
58528
58531
58550
58554
58555
58563
58569
58573
58579
58584
58589
58606
58609
58613
58616
58617
58633
58635
58648
58651
58653
58654
58660
58665
58666
58667
58680
58682
58683
58684
58690
58692
58695
58702
58705
58707
58711
58714
58724
58744
58746
58748
58751
58752
58756
58758
58760
58763
58772
58778
58783
58784
58785
58793
58803
58805
58808
58811
58813
58814
58817
58825
58838
58845
58849
58856
58859
58861
58865
58879
58883
58886
58892
58894
58896
58899
58908
58914
58923
58926
58927
58928
58931
58936
58948
58950
58951
58955
58956
58958
58975
58976
58987
58988
58992
58995
58998
59000
59002
59013
59025
59038
59039
59044
59047
59050
59058
59072
59085
59100
59104
59110
59113
59114
59115
59117
59125
59131
59137
59139
59144
59147
59148
59157
59158
59164
59165
59167
59171
59180
59181
59184
59190
59195
59207
59209
59211
59213
59215
59219
59223
59226
59235
59238
59241
59253
59256
59261
59265
59266
59267
59269
59273
59274
59288
59298
59301
59304
59314
59319
59328
59329
59331
59333
59335
59338
59339
59340
59349
59350
59360
59365
59374
59375
59378
59379
59381
59385
59387
59389
59391
59395
59396
59408
59415
59423
59428
59432
59443
59444
59456
59458
59465
59467
59469
59475
59477
59483
59485
59487
59490
59509
59511
59513
59516
59519
59525
59534
59539
59542
59549
59553
59557
59565
59573
59576
59578
59591
59593
59594
59601
59604
59605
59620
59626
59628
59632
59640
59644
59670
59674
59677
59684
59687
59690
59693
59698
59702
59706
59713
59718
59722
59730
59737
59739
59747
59753
59756
59759
59763
59765
59766
59775
59785
59788
59792
59806
59812
59813
59814
59829
59837
59838
59841
59843
59853
59867
59868
59871
59874
59878
59879
59881
59886
59890
59900
59912
59915
59916
59917
59919
59928
59932
59933
59937
59938
59943
59944
59953
59961
59968
59970
59971
59975
59979
59983
59986
59991
59995
60003
60009
60012
60016
60023
60025
60026
60028
60036
60038
60040
60057
60062
60067
60069
60078
60080
60081
60082
60085
60094
60108
60115
60118
60120
60122
60124
60145
60149
60150
60151
60161
60162
60165
60166
60168
60171
60177
60182
60185
60188
60189
60190
60195
60198
60206
60207
60208
60210
60227
60229
60233
60235
60241
60245
60252
60259
60262
60264
60271
60283
60289
60290
60294
60296
60299
60303
60309
60310
60311
60314
60326
60332
60339
60340
60343
60355
60359
60361
60365
60369
60379
60380
60383
60384
60392
60396
60397
60398
60400
60401
60409
60410
60421
60436
60455
60456
60465
60467
60479
60487
60492
60497
60507
60509
60511
60519
60525
60526
60527
60529
60544
60547
60553
60556
60557
60558
60559
60563
60565
60576
60579
60581
60583
60602
60614
60629
60631
60646
60649
60656
60659
60662
60665
60671
60675
60677
60679
60685
60690
60693
60698
60701
60714
60715
60718
60719
60728
60740
60741
60745
60749
60764
60771
60777
60779
60781
60793
60798
60801
60814
60815
60816
60821
60822
60833
60837
60851
60853
60866
60869
60896
60899
60919
60925
60927
60931
60938
60946
60952
60974
60977
60978
60981
60989
60991
60993
60997
60998
60999
61004
61010
61011
61015
61030
61044
61050
61060
61067
61078
61080
61087
61103
61104
61125
61138
61144
61153
61158
61160
61162
61171
61172
61178
61183
61188
61190
61193
61195
61197
61201
61208
61228
61232
61242
61247
61261
61267
61269
61277
61287
61296
61300
61307
61308
61311
61312
61327
61340
61350
61359
61361
61365
61376
61379
61388
61396
61402
61403
61412
61413
61416
61420
61422
61429
61433
61441
61445
61449
61454
61466
61471
61473
61476
61492
61494
61495
61499
61500
61508
61517
61521
61522
61527
61531
61533
61535
61540
61547
61548
61556
61558
61562
61564
61575
61577
61582
61586
61590
61591
61592
61598
61608
61612
61615
61616
61622
61630
61633
61635
61638
61644
61645
61650
61651
61652
61655
61659
61670
61681
61688
61694
61695
61702
61703
61712
61725
61731
61738
61743
61752
61753
61775
61778
61779
61780
61782
61785
61790
61793
61795
61802
61808
61813
61816
61821
61824
61831
61840
61842
61855
61856
61857
61867
61876
61888
61894
61899
61901
61917
61920
61926
61937
61941
61946
61957
61958
61965
61970
61971
61977
61983
61986
62018
62034
62035
62037
62041
62042
62044
62045
62047
62060
62062
62068
62071
62084
62093
62101
62102
62107
62111
62125
62134
62137
62141
62147
62149
62152
62165
62173
62174
62178
62185
62193
62196
62198
62202
62204
62209
62212
62220
62228
62229
62231
62232
62239
62247
62248
62249
62263
62266
62269
62272
62273
62283
62286
62288
62305
62309
62312
62320
62330
62334
62337
62340
62344
62347
62350
62355
62358
62370
62374
62375
62385
62389
62393
62394
62396
62397
62398
62401
62402
62404
62417
62420
62421
62424
62435
62436
62439
62442
62446
62451
62452
62472
62479
62481
62486
62492
62493
62497
62521
62526
62533
62540
62543
62548
62551
62554
62556
62563
62568
62572
62591
62597
62600
62601
62606
62627
62628
62629
62630
62633
62642
62648
62653
62654
62657
62671
62677
62678
62686
62699
62702
62711
62716
62721
62725
62729
62734
62735
62746
62747
62751
62755
62759
62761
62774
62779
62783
62792
62796
62798
62814
62817
62819
62821
62835
62842
62850
62853
62856
62860
62861
62862
62863
62866
62871
62876
62879
62889
62891
62892
62893
62901
62915
62922
62937
62940
62949
62953
62954
62956
62959
62964
62966
62968
62970
62972
62980
62981
62982
62983
62984
62985
62999
63001
63006
63008
63014
63015
63017
63022
63030
63034
63042
63050
63057
63062
63064
63067
63079
63083
63089
63096
63105
63109
63121
63122
63128
63131
63136
63138
63141
63149
63162
63167
63178
63182
63189
63197
63200
63201
63204
63209
63214
63216
63220
63226
63240
63243
63244
63245
63246
63249
63285
63286
63287
63292
63298
63308
63310
