# PROD-задачи, где текст СЛОВАМИ упоминает рисунок/график/схему, а картинки нет вовсе.
17
39
41
43
62
159
171
184
212
231
300
310
329
347
436
486
548
566
573
613
633
653
671
673
694
730
827
837
853
854
905
923
945
1010
1040
1044
1072
1090
1092
1153
1188
1201
1259
1260
1376
1377
1386
1387
1392
1456
1522
1527
1544
1585
1611
1614
1625
1645
1675
1691
1701
1738
1750
1782
1793
1803
1806
1820
1828
1850
1856
1874
1918
1950
1982
1991
2033
2039
2107
2114
2115
2118
2119
2159
2171
2209
2220
2239
2272
2283
2296
2304
2309
2330
2348
2427
2429
2452
2489
2508
2519
2588
2617
2618
2640
2649
2656
5858
26616
26740
28194
28255
28527
28731
28815
28832
28958
29010
29262
29273
29349
29743
