# Что будет на проде ПОСЛЕ заливки: нынешние прод-задачи плюс переносимые (v3).
# Всего 14087 задач.
4
5
6
7
8
11
13
14
17
18
19
20
21
22
23
24
25
26
27
28
29
30
31
32
33
34
35
36
37
38
39
40
41
42
43
45
47
48
49
50
51
52
55
58
62
63
65
67
68
69
70
71
72
73
74
77
78
79
80
83
85
86
87
89
90
92
95
98
99
100
101
102
103
105
106
107
108
109
110
111
112
114
115
117
120
123
124
125
126
128
130
131
134
135
137
139
140
141
143
145
146
148
149
152
153
157
158
159
160
161
163
164
166
168
169
171
172
173
175
177
180
183
184
190
191
192
193
195
196
197
198
200
201
202
203
204
205
206
207
208
210
211
212
213
214
215
216
218
219
220
222
224
225
226
227
228
229
230
231
233
234
235
239
241
243
245
247
249
250
251
252
253
254
255
256
258
260
262
263
266
267
268
269
271
272
275
277
278
279
280
283
284
285
286
289
291
292
296
297
298
299
300
301
302
304
305
306
309
310
312
314
315
316
317
318
319
320
322
323
324
325
326
327
328
329
332
333
334
335
337
338
339
340
341
342
345
347
348
349
350
352
353
354
355
356
358
359
361
362
363
364
367
369
370
371
374
375
376
378
379
381
382
383
385
390
391
393
394
395
397
398
399
401
402
403
405
406
407
411
412
413
415
418
422
423
425
426
428
429
431
434
435
436
438
439
441
442
444
446
448
451
452
453
454
455
456
457
458
459
462
463
465
466
467
468
469
470
471
473
474
475
477
479
480
481
482
483
484
485
486
488
489
490
491
493
496
498
499
501
503
505
506
507
508
509
511
512
513
514
516
517
519
520
522
524
526
528
529
531
532
537
538
539
540
541
542
543
544
545
546
547
548
549
550
552
553
554
555
556
558
560
561
562
565
566
568
570
572
573
574
575
576
577
579
580
582
584
585
587
588
589
590
591
594
595
596
597
598
599
600
601
603
604
605
606
607
608
609
613
614
615
616
618
621
625
628
629
630
631
632
633
634
635
636
639
640
641
642
643
644
645
648
649
652
653
654
655
658
662
665
666
667
668
670
671
672
673
675
677
678
679
681
682
683
684
685
686
688
689
690
691
692
694
695
696
697
698
699
700
702
704
705
706
708
710
711
712
714
715
716
717
719
720
721
723
724
725
726
728
730
732
735
736
737
738
739
740
741
742
745
746
747
748
749
750
752
753
756
759
760
762
764
766
767
769
770
771
773
775
777
778
780
782
783
784
786
788
789
791
792
794
795
796
798
799
800
801
802
803
804
805
807
808
811
812
813
814
815
816
817
818
819
821
823
825
826
827
828
829
831
833
834
835
836
837
838
839
841
842
843
848
850
851
853
854
855
856
857
860
861
862
864
866
867
868
869
870
871
873
877
879
881
883
884
886
887
888
889
890
891
892
893
895
896
898
899
901
902
903
904
905
907
908
909
913
914
915
916
917
918
919
920
922
923
924
925
926
927
928
929
930
931
932
933
934
935
936
937
938
940
941
942
943
944
945
946
947
949
950
951
952
953
954
956
959
960
961
963
965
967
968
969
971
973
975
977
978
979
980
982
983
984
986
987
988
989
990
993
996
997
1000
1004
1005
1006
1007
1008
1009
1010
1011
1013
1015
1016
1019
1020
1022
1023
1024
1025
1026
1027
1028
1029
1031
1032
1033
1034
1035
1036
1037
1038
1040
1041
1042
1043
1044
1045
1047
1048
1049
1050
1051
1053
1057
1058
1059
1060
1061
1062
1063
1064
1065
1066
1067
1068
1069
1070
1071
1072
1074
1076
1077
1079
1083
1084
1085
1086
1087
1089
1090
1091
1092
1094
1095
1097
1098
1099
1100
1101
1102
1103
1104
1105
1106
1107
1110
1111
1112
1113
1115
1116
1117
1118
1119
1120
1121
1122
1124
1125
1127
1128
1129
1130
1131
1132
1134
1135
1138
1140
1142
1144
1147
1148
1149
1150
1151
1152
1153
1154
1155
1157
1158
1162
1164
1166
1167
1168
1169
1170
1173
1174
1175
1176
1177
1180
1182
1184
1185
1186
1187
1188
1189
1193
1195
1196
1197
1199
1200
1201
1203
1206
1207
1210
1211
1212
1213
1214
1215
1216
1217
1219
1222
1223
1224
1225
1227
1229
1234
1235
1236
1237
1238
1239
1240
1241
1242
1244
1245
1246
1247
1249
1250
1251
1252
1254
1255
1256
1257
1258
1259
1260
1261
1262
1264
1265
1267
1268
1271
1272
1276
1277
1278
1281
1282
1283
1284
1285
1286
1287
1288
1289
1290
1291
1292
1293
1294
1297
1298
1299
1301
1304
1305
1307
1309
1310
1311
1312
1313
1314
1315
1316
1317
1319
1320
1321
1322
1323
1324
1326
1328
1334
1337
1338
1340
1341
1343
1345
1346
1348
1351
1352
1353
1354
1355
1357
1358
1360
1361
1362
1363
1366
1367
1369
1370
1371
1372
1373
1374
1375
1376
1377
1378
1379
1380
1381
1382
1383
1385
1386
1387
1388
1389
1390
1391
1392
1393
1394
1395
1398
1400
1402
1403
1404
1405
1406
1407
1408
1409
1411
1412
1414
1415
1418
1419
1420
1422
1423
1424
1425
1426
1427
1429
1430
1431
1432
1433
1436
1437
1438
1439
1441
1442
1443
1444
1445
1446
1447
1449
1451
1452
1453
1454
1455
1456
1457
1458
1459
1460
1461
1462
1463
1464
1465
1466
1467
1469
1470
1471
1472
1474
1475
1476
1477
1478
1479
1480
1482
1483
1484
1485
1487
1490
1492
1494
1495
1496
1498
1499
1500
1501
1502
1503
1504
1505
1506
1507
1508
1510
1511
1514
1515
1516
1517
1518
1519
1522
1524
1525
1526
1527
1528
1529
1530
1531
1534
1535
1537
1538
1539
1540
1541
1544
1545
1550
1551
1552
1554
1555
1556
1557
1558
1559
1561
1562
1563
1565
1566
1567
1568
1569
1570
1571
1572
1573
1574
1575
1576
1577
1578
1579
1581
1582
1583
1585
1586
1587
1588
1589
1590
1591
1592
1593
1594
1595
1596
1598
1600
1601
1602
1604
1606
1607
1608
1609
1610
1611
1613
1614
1616
1618
1619
1620
1622
1623
1625
1626
1627
1629
1630
1633
1634
1635
1637
1638
1639
1640
1642
1643
1644
1645
1647
1649
1650
1651
1652
1653
1654
1657
1659
1661
1662
1664
1665
1668
1669
1670
1672
1673
1674
1675
1676
1678
1679
1680
1681
1682
1683
1684
1685
1686
1688
1689
1691
1692
1693
1696
1697
1700
1701
1702
1703
1704
1705
1706
1708
1709
1710
1711
1712
1713
1714
1715
1716
1718
1719
1720
1721
1722
1724
1725
1726
1727
1728
1729
1730
1731
1732
1733
1735
1738
1740
1741
1742
1743
1744
1745
1746
1747
1750
1752
1753
1754
1756
1757
1758
1759
1760
1761
1762
1763
1764
1765
1766
1767
1768
1769
1770
1772
1776
1777
1778
1780
1781
1782
1783
1784
1785
1786
1787
1788
1789
1790
1791
1792
1793
1796
1797
1798
1799
1800
1801
1803
1806
1807
1809
1810
1812
1814
1815
1817
1818
1819
1820
1821
1822
1824
1825
1826
1827
1828
1830
1831
1832
1833
1836
1837
1838
1840
1842
1843
1844
1845
1846
1847
1849
1850
1853
1856
1857
1858
1860
1869
1870
1871
1872
1873
1874
1876
1877
1878
1880
1882
1884
1885
1886
1888
1890
1892
1893
1895
1896
1898
1899
1900
1901
1902
1903
1905
1906
1908
1909
1910
1911
1912
1915
1916
1917
1918
1919
1920
1921
1922
1923
1925
1926
1928
1929
1930
1931
1932
1933
1934
1936
1938
1939
1940
1944
1946
1947
1949
1950
1952
1953
1955
1957
1958
1959
1960
1961
1962
1963
1965
1966
1967
1968
1969
1970
1971
1972
1973
1974
1975
1976
1977
1980
1981
1982
1983
1984
1985
1986
1987
1989
1990
1991
1992
1993
1996
1998
2001
2002
2004
2005
2006
2007
2008
2010
2011
2012
2013
2014
2015
2016
2017
2018
2019
2020
2021
2022
2023
2024
2025
2026
2028
2029
2030
2031
2033
2034
2035
2036
2037
2038
2039
2040
2041
2042
2043
2045
2046
2047
2048
2049
2050
2054
2055
2056
2057
2059
2062
2063
2064
2067
2068
2071
2072
2073
2074
2075
2076
2078
2080
2081
2082
2084
2085
2086
2088
2089
2090
2092
2093
2094
2095
2096
2097
2098
2099
2100
2101
2102
2103
2104
2105
2107
2108
2110
2111
2112
2113
2114
2115
2116
2117
2118
2119
2120
2122
2123
2124
2125
2126
2127
2128
2129
2130
2131
2132
2133
2134
2136
2137
2138
2139
2140
2141
2142
2144
2145
2146
2147
2148
2149
2150
2151
2152
2153
2154
2155
2156
2157
2158
2159
2160
2161
2163
2164
2165
2167
2168
2169
2170
2171
2172
2173
2174
2175
2176
2177
2179
2181
2182
2184
2185
2186
2187
2188
2189
2190
2191
2192
2193
2194
2195
2196
2198
2200
2201
2202
2203
2205
2207
2208
2209
2211
2212
2213
2214
2215
2216
2217
2218
2219
2220
2222
2223
2224
2225
2228
2229
2233
2236
2237
2238
2239
2240
2241
2245
2246
2247
2248
2250
2251
2252
2253
2258
2260
2263
2264
2266
2267
2268
2269
2270
2272
2273
2274
2275
2277
2281
2283
2284
2286
2287
2289
2290
2292
2293
2295
2296
2297
2298
2299
2302
2303
2304
2305
2307
2308
2309
2311
2312
2313
2314
2316
2317
2318
2321
2322
2323
2325
2326
2328
2329
2330
2331
2332
2333
2334
2336
2337
2338
2340
2342
2343
2346
2347
2348
2349
2350
2352
2353
2354
2356
2359
2360
2361
2362
2363
2364
2365
2366
2367
2368
2369
2374
2378
2379
2380
2383
2385
2386
2387
2388
2389
2391
2392
2393
2395
2396
2397
2398
2399
2400
2401
2403
2404
2405
2406
2408
2409
2410
2411
2412
2413
2414
2415
2416
2418
2419
2420
2421
2422
2426
2427
2428
2429
2430
2431
2432
2435
2437
2442
2443
2445
2446
2447
2448
2449
2450
2451
2452
2455
2456
2458
2459
2460
2462
2463
2464
2465
2466
2468
2470
2476
2477
2479
2481
2482
2483
2486
2487
2488
2489
2490
2491
2497
2500
2503
2504
2505
2506
2507
2508
2510
2512
2513
2515
2517
2519
2520
2521
2522
2525
2526
2528
2529
2530
2531
2532
2536
2537
2538
2539
2541
2544
2545
2547
2548
2549
2551
2552
2553
2554
2562
2563
2564
2565
2566
2567
2568
2569
2570
2571
2572
2575
2577
2578
2579
2580
2581
2582
2584
2587
2588
2589
2590
2591
2594
2596
2597
2599
2603
2604
2605
2606
2608
2609
2610
2611
2612
2614
2615
2616
2617
2618
2619
2620
2625
2626
2627
2628
2629
2630
2631
2632
2633
2634
2635
2636
2638
2639
2640
2641
2642
2643
2644
2645
2647
2648
2649
2651
2654
2655
2656
2657
2660
2661
2663
2666
2667
2668
2670
2672
2675
2676
2677
2678
2679
2681
2682
2683
2684
2685
2687
5476
5477
5478
5479
5480
5482
5483
5484
5485
5486
5487
5488
5489
5491
5492
5493
5495
5496
5497
5499
5500
5501
5502
5503
5504
5505
5506
5507
5508
5509
5510
5511
5512
5514
5515
5516
5518
5519
5520
5524
5525
5526
5527
5528
5529
5531
5532
5534
5535
5538
5539
5540
5541
5542
5543
5544
5545
5546
5547
5550
5551
5552
5553
5555
5556
5557
5558
5559
5560
5561
5562
5563
5564
5565
5566
5568
5569
5570
5571
5572
5574
5576
5577
5578
5581
5582
5583
5585
5587
5588
5590
5592
5593
5594
5595
5597
5602
5603
5605
5606
5607
5608
5609
5610
5611
5612
5613
5614
5615
5616
5617
5618
5619
5620
5621
5622
5623
5624
5625
5627
5628
5629
5630
5631
5633
5636
5637
5639
5640
5641
5642
5643
5644
5649
5652
5653
5656
5658
5659
5660
5661
5662
5663
5664
5665
5666
5667
5669
5671
5672
5673
5674
5675
5677
5678
5684
5685
5686
5687
5688
5689
5690
5691
5693
5694
5696
5697
5698
5699
5701
5702
5703
5704
5705
5707
5710
5711
5712
5713
5715
5716
5717
5718
5719
5720
5722
5724
5728
5730
5731
5733
5734
5735
5737
5739
5741
5742
5743
5744
5745
5746
5749
5750
5751
5753
5754
5756
5757
5758
5759
5760
5761
5762
5763
5764
5765
5767
5769
5770
5771
5772
5774
5775
5776
5777
5779
5781
5783
5784
5786
5787
5788
5791
5793
5794
5799
5800
5804
5805
5807
5808
5809
5810
5812
5813
5814
5815
5816
5817
5818
5821
5822
5824
5825
5826
5828
5830
5831
5832
5833
5834
5835
5836
5839
5841
5842
5843
5845
5848
5849
5850
5852
5853
5854
5855
5857
5858
5865
5866
5868
5872
5874
5875
5878
5879
5880
5883
5885
5886
5888
5889
5890
5894
5896
5899
5901
5902
5904
5905
5906
5907
5908
5910
5911
5917
5918
5919
5920
5921
5923
5924
5928
5929
5930
5931
5932
5933
5934
5935
5936
5937
5938
5941
5942
5944
5945
5946
5948
5949
5954
5956
5958
5959
5960
5962
5963
5964
5965
5967
5968
5969
5970
5971
5972
5973
5976
5978
5979
5980
5982
5985
5987
5989
5990
5991
5992
5993
5994
5995
5996
5997
5998
5999
6000
6001
6002
6003
6004
6005
6007
6008
6009
6010
6011
6012
6013
6016
6017
6018
6019
6021
6022
6023
6024
6026
6028
6029
6030
6031
6032
6033
6034
6035
6036
6037
6038
6040
6041
6042
6043
6044
6045
6047
6049
6051
6058
6059
6061
6062
6063
6064
6065
6066
6068
6071
6072
6073
6074
6075
6076
6077
6078
6079
6080
6082
6084
6085
6087
6091
6092
6093
6094
6095
6096
6097
6099
6100
6101
6102
6104
6105
6107
6110
6111
6112
6114
6116
6117
6118
6119
6120
6121
6122
6123
6127
6128
6129
6130
6131
6132
6133
6134
6135
6136
6137
6138
6139
6140
6142
6143
6144
6145
6146
6147
6148
6151
6153
6154
6155
6156
6158
6160
6161
6162
6164
6165
6166
6168
6169
6170
6171
6172
6174
6176
6177
6178
6179
6180
6181
6183
6188
6189
6190
6191
6192
6193
6195
6196
6198
6199
6201
6202
6203
6204
6205
6208
6209
6210
6211
6212
6213
6214
6215
6216
6217
6219
6220
6221
6222
6223
6225
6226
6227
6228
6230
6232
6233
6234
6237
6240
6241
6242
6244
6245
6246
6247
6249
6250
6251
6252
6253
6254
6255
6256
6257
6258
6260
6261
6262
6263
6264
6266
6267
6271
6272
6273
6274
6275
6276
6277
6278
6279
6282
6283
6284
6285
6286
6288
6289
6290
6291
6292
6293
6294
6295
6296
6297
6298
6299
6301
6302
6303
6304
6305
6307
6310
6311
6315
6316
6317
6318
6319
6320
6321
6323
6325
6326
6327
6328
6331
6332
6334
6336
6339
6340
6342
6345
6346
6347
6348
6349
6351
6353
6354
6355
6356
6357
6358
6360
6361
6362
6363
6364
6365
6368
6369
6370
6371
6373
6374
6375
6376
6377
6378
6379
6381
6382
6384
6386
6387
6390
6391
6392
6393
6394
6396
6401
6402
6404
6405
6406
6407
6408
6409
6410
6412
6413
6414
6416
6419
6421
6422
6423
6426
6427
6429
6430
6431
6432
6433
6434
6435
6436
6437
6442
6443
6444
6445
6446
6447
6448
6449
6450
6452
6454
6455
6456
6458
6459
6460
6461
6462
6464
6465
6466
6467
6469
6470
6471
6472
6473
6475
6477
6478
6479
6480
6482
6483
6484
6485
6486
6487
6488
6489
6491
6492
6494
6498
6499
6500
6505
6507
6508
6509
6511
6515
6517
6520
6523
6524
6525
6526
6529
6531
6534
6538
6539
6540
6541
6542
6544
6545
6546
6548
6549
6550
6552
6553
6554
6555
6556
6558
6560
6561
6564
6565
6566
6568
6569
6570
6571
6572
6573
6574
6575
6576
6577
6578
6579
6581
6582
6583
6584
6585
6586
6588
6589
6591
6592
6593
6595
6598
6599
6600
6601
6602
6603
6607
6608
6609
6613
6614
6617
6618
6619
6620
6621
6622
6624
6625
6626
6627
6628
6629
6631
6632
6635
6636
6637
6638
6640
6641
6643
6644
6645
6646
6647
6648
6649
6650
6651
6652
6653
6654
6655
6658
6659
6660
6661
6662
6663
6664
6665
6666
6667
6668
6670
6671
6672
6673
6676
6677
6678
6679
6680
6681
6683
6684
6685
6686
6687
6688
6689
6690
6691
6693
6696
6697
6698
6700
6701
6702
6703
6705
6706
6710
6711
6712
6713
6714
6715
6716
6717
6718
6719
6720
6721
6722
6723
6726
6727
6728
6729
6730
6731
6733
6737
6738
6741
6744
6746
6747
6748
6749
6750
6751
6752
6753
6754
6755
6757
6758
6759
6760
6761
6764
6765
6766
6767
6768
6769
6771
6772
6773
6774
6775
6776
6778
6779
6780
6781
6782
6784
6785
6786
6787
6788
6789
6790
6792
6793
6794
6795
6796
6797
6798
6800
6802
6804
6807
6808
6811
6812
6813
6814
6815
6816
6818
6819
6820
6821
6824
6825
6826
6827
6828
6830
6831
6833
6834
6835
6836
6837
6838
6839
6840
6841
6842
6843
6844
6845
6846
6847
6848
6849
6850
6851
6852
6854
6855
6856
6857
6859
6861
6862
6863
6865
6866
6869
6870
6871
6873
6874
6875
6876
6877
6878
6879
6880
6882
6883
6884
6885
6886
6887
6889
6890
6894
6895
6900
6901
6902
6903
6904
6905
6906
6909
6910
6911
6912
6914
6915
6916
6917
6920
6921
6922
6923
6927
6928
6929
6930
6931
6932
6933
6934
6935
6936
6937
6938
6941
6942
6943
6945
6947
6948
6949
6950
6951
6953
6955
6956
6958
6960
6962
6963
6964
6965
6966
6967
6968
6969
6972
6973
6976
6977
6978
6979
6980
6981
6984
6985
6986
6987
6989
6993
6994
6995
6996
6997
6998
6999
7000
7001
7003
7004
7008
7009
7011
7012
7013
7014
7015
7016
7018
7019
7020
7021
7022
7023
7024
7028
7030
7031
7032
7033
7034
7035
7036
7039
7040
7041
7042
7043
7045
7046
7047
7048
7049
7050
7051
7052
7053
7055
7057
7058
7061
7062
7063
7066
7067
7070
7072
7073
7074
7075
7076
7079
7080
7081
7082
7084
7085
7086
7087
7088
7089
7090
7091
7092
7093
7095
7096
7097
7099
7102
7103
7104
7105
7106
7107
7109
7110
7112
7113
7114
7115
7117
7119
7120
7121
7122
7124
7125
7127
7128
7129
7130
7131
7133
7135
7136
7137
7138
7139
7141
7142
7143
7146
7148
7150
7151
7152
7153
7154
7155
7156
7159
7160
7161
7162
7163
7164
7165
7166
7167
7168
7169
7170
7171
7174
7175
7176
7178
7179
7180
7181
7182
7183
7184
7185
7186
7187
7189
7190
7191
7192
7193
7196
7197
7198
7199
7200
7201
7202
7204
7205
7209
7210
7212
7216
7217
7218
7219
7220
7221
7223
7224
7226
7227
7228
7229
7233
7234
7235
7236
7241
7242
7243
7244
7245
7246
7248
7249
7250
7251
7252
7253
7254
7255
7256
7258
7259
7260
7261
7262
7263
7264
7265
7267
7268
7269
7270
7271
7272
7273
7274
7275
7276
7277
7278
7279
7280
7281
7282
7283
7285
7286
7287
7288
7290
7292
7294
7295
7296
7297
7299
7300
7301
7302
7303
7304
7305
7306
7307
7308
7309
7310
7311
7312
7313
7314
7316
7319
7320
7321
7323
7325
7327
7328
7329
7330
7332
7333
7340
7341
7342
7343
7344
7345
7347
7349
7351
7353
7355
7356
7357
7358
7359
7360
7362
7363
7364
7365
7366
7369
7370
7372
7373
7374
7375
7376
7377
7378
7380
7382
7383
7385
7386
7387
7388
7389
7390
7391
7392
7393
7394
7396
7397
7398
7400
7402
7403
7404
7405
7406
7407
7409
7411
7412
7413
7415
7417
7418
7420
7421
7423
7425
7427
7428
7432
7433
7434
7435
7436
7437
7438
7439
7440
7441
7442
7444
7445
7447
7448
7449
7450
7451
7453
7455
7456
7457
7458
7460
7461
7463
7464
7466
7468
7469
7470
7472
7473
7474
7475
7477
7478
7479
7480
7481
7483
7484
7486
7488
7489
7490
7491
7493
7494
7496
7497
7498
26319
26320
26323
26324
26328
26330
26331
26332
26333
26334
26335
26337
26338
26341
26343
26345
26349
26350
26352
26354
26356
26358
26359
26360
26369
26398
26401
26403
26404
26405
26406
26407
26409
26410
26411
26412
26413
26414
26415
26416
26418
26419
26420
26421
26423
26424
26427
26428
26429
26430
26432
26433
26434
26435
26439
26443
26444
26445
26446
26448
26449
26451
26454
26456
26460
26464
26467
26468
26469
26470
26477
26482
26484
26486
26492
26527
26530
26531
26543
26545
26546
26547
26569
26587
26588
26591
26592
26593
26597
26598
26599
26600
26601
26602
26605
26606
26607
26609
26610
26611
26612
26613
26614
26615
26616
26617
26619
26624
26627
26629
26630
26631
26634
26635
26636
26637
26638
26639
26640
26643
26644
26645
26646
26648
26649
26650
26652
26653
26654
26655
26656
26657
26658
26662
26663
26674
26675
26677
26678
26679
26681
26683
26689
26690
26691
26692
26694
26695
26696
26697
26701
26702
26703
26707
26708
26712
26715
26716
26717
26720
26722
26724
26727
26728
26729
26731
26733
26737
26739
26740
26741
26742
26743
26745
26747
26752
26753
26755
26756
26757
26758
26760
26761
26762
26764
26765
26767
26768
26770
26774
26776
26777
26778
26779
26780
26782
26783
26784
26785
26786
26787
26788
26789
26792
26809
26810
26811
26812
26817
26819
26821
26822
26823
26825
26826
26827
26829
26832
26833
26835
26836
26837
26839
26840
26843
26846
26850
26851
26852
26853
26854
26855
26856
26858
26859
26861
26862
26864
26865
26866
26867
26869
26870
26885
26886
26888
26889
26890
26910
26914
26916
26917
26919
26922
26923
26927
26933
26935
26936
26937
26938
26939
26940
26943
26944
26945
26947
26950
26952
26954
26955
26956
26957
26958
26960
26961
26962
26965
26966
26967
26971
26972
26976
26977
26979
26982
26984
26986
26993
26995
27001
27002
27003
27005
27006
27007
27008
27010
27011
27012
27013
27014
27015
27016
27018
27019
27021
27047
27048
27049
27050
27051
27052
27056
27058
27060
27061
27062
27069
27071
27076
27077
27078
27079
27081
27082
27086
27087
27088
27089
27095
27096
27099
27100
27104
27105
27110
27111
27112
27115
27116
27118
27119
27120
27121
27123
27124
27129
27130
27131
27132
27133
27134
27137
27139
27140
27141
27142
27143
27144
27147
27148
27150
27151
27152
27153
27154
27155
27156
27158
27161
27164
27165
27166
27167
27169
27171
27174
27175
27177
27180
27181
27183
27184
27185
27186
27189
27191
27192
27193
27194
27199
27201
27202
27203
27204
27205
27206
27207
27209
27213
27218
27222
27228
27231
27232
27233
27235
27236
27237
27238
27239
27240
27241
27243
27244
27245
27246
27247
27249
27250
27251
27252
27253
27254
27256
27257
27258
27259
27260
27261
27262
27310
27311
27312
27313
27314
27315
27316
27317
27318
27319
27320
27321
27322
27327
27328
27332
27334
27335
27336
27337
27346
27348
27349
27350
27351
27352
27353
27354
27355
27373
27413
27432
27437
27441
27443
27444
27445
27446
27447
27449
27450
27454
27457
27458
27462
27470
27473
27476
27478
27479
27481
27482
27484
27488
27489
27493
27497
27498
27506
27508
27516
27517
27525
27530
27531
27535
27537
27539
27542
27543
27544
27558
27559
27562
27567
27568
27570
27574
27578
27589
27599
27600
27602
27615
27617
27618
27619
27620
27621
27629
27632
27640
27641
27643
27646
27648
27649
27651
27654
27655
27664
27666
27667
27668
27669
27670
27671
27672
27673
27675
27679
27681
27684
27685
27686
27687
27688
27691
27692
27693
27694
27695
27696
27697
27699
27701
27702
27708
27711
27717
27718
27726
27728
27729
27730
27731
27733
27734
27735
27739
27741
27744
27745
27746
27747
27750
27758
27759
27771
27775
27776
27777
27783
27786
27790
27791
27792
27808
27809
27813
27815
27816
27819
27820
27827
27833
27840
27843
27847
27848
27849
27850
27851
27857
27858
27859
27860
27864
27872
27878
27886
27891
27892
27893
27904
27905
27918
27921
27929
27955
27958
27962
27964
27967
27969
27971
27974
27975
27976
27977
27984
27991
27992
27993
27997
28005
28013
28014
28015
28017
28018
28021
28026
28027
28029
28030
28036
28041
28044
28046
28051
28052
28054
28055
28056
28062
28063
28064
28065
28068
28069
28070
28071
28072
28076
28079
28080
28081
28082
28083
28084
28087
28090
28091
28092
28093
28094
28095
28096
28097
28113
28115
28117
28119
28121
28122
28129
28153
28159
28160
28162
28163
28164
28172
28173
28174
28175
28177
28180
28181
28183
28184
28185
28186
28189
28191
28192
28193
28194
28195
28196
28197
28199
28200
28201
28202
28204
28205
28206
28207
28208
28209
28212
28214
28215
28216
28217
28218
28219
28224
28229
28231
28232
28234
28235
28237
28238
28240
28241
28242
28243
28245
28246
28248
28249
28250
28251
28252
28253
28255
28257
28258
28259
28260
28261
28263
28265
28269
28271
28272
28275
28277
28278
28279
28280
28281
28282
28283
28285
28286
28289
28292
28293
28294
28295
28296
28298
28299
28300
28301
28303
28304
28306
28308
28310
28312
28313
28314
28315
28317
28319
28322
28323
28324
28326
28327
28328
28330
28343
28345
28346
28347
28348
28349
28353
28356
28357
28358
28360
28365
28366
28367
28370
28372
28373
28374
28375
28376
28379
28380
28381
28382
28383
28384
28385
28386
28387
28388
28389
28390
28391
28392
28393
28394
28395
28396
28397
28398
28399
28401
28402
28404
28406
28412
28413
28415
28416
28417
28418
28420
28422
28423
28424
28425
28426
28428
28429
28430
28431
28432
28433
28434
28435
28444
28445
28446
28447
28448
28449
28450
28451
28452
28453
28454
28455
28456
28457
28459
28460
28462
28463
28465
28466
28467
28468
28469
28470
28471
28472
28473
28474
28475
28476
28477
28480
28482
28483
28484
28488
28489
28491
28493
28496
28497
28498
28499
28500
28502
28503
28504
28505
28506
28507
28508
28509
28513
28515
28516
28518
28519
28520
28521
28522
28523
28527
28530
28532
28533
28534
28535
28536
28537
28540
28541
28548
28549
28551
28552
28554
28555
28556
28561
28563
28564
28565
28566
28568
28569
28570
28571
28572
28573
28575
28579
28581
28582
28583
28584
28589
28590
28591
28592
28595
28596
28598
28599
28606
28609
28610
28611
28612
28613
28615
28618
28619
28620
28622
28631
28635
28636
28637
28638
28654
28658
28660
28661
28662
28663
28664
28665
28666
28667
28674
28689
28692
28694
28696
28697
28703
28704
28705
28711
28712
28713
28721
28722
28723
28724
28725
28726
28727
28728
28729
28731
28733
28736
28737
28738
28741
28744
28745
28746
28747
28748
28749
28750
28752
28753
28755
28756
28757
28758
28760
28761
28776
28777
28778
28779
28790
28794
28812
28814
28815
28817
28831
28832
28833
28834
28835
28836
28845
28847
28860
28862
28865
28869
28870
28871
28872
28876
28877
28878
28881
28882
28885
28890
28894
28895
28896
28897
28898
28902
28908
28910
28912
28913
28914
28916
28917
28918
28920
28921
28922
28923
28925
28926
28927
28930
28934
28939
28957
28958
28959
28964
28970
28971
28972
28973
28974
28975
28976
28977
28982
28983
28985
28986
28987
28988
28989
28991
28992
28993
28994
28995
28996
28997
28998
28999
29001
29003
29006
29007
29008
29009
29010
29011
29012
29013
29014
29015
29016
29017
29018
29019
29021
29022
29023
29024
29025
29028
29032
29033
29036
29037
29038
29039
29040
29043
29045
29046
29047
29048
29049
29052
29054
29055
29063
29064
29065
29066
29067
29069
29070
29071
29072
29074
29075
29076
29077
29078
29079
29085
29086
29087
29088
29089
29090
29091
29092
29095
29096
29097
29098
29101
29103
29105
29109
29111
29113
29116
29117
29118
29123
29126
29127
29128
29129
29135
29138
29139
29140
29141
29144
29145
29147
29148
29149
29150
29152
29153
29154
29155
29161
29162
29167
29168
29174
29175
29176
29177
29178
29179
29183
29185
29190
29191
29193
29194
29196
29197
29200
29202
29203
29204
29205
29206
29210
29212
29214
29217
29219
29220
29221
29222
29223
29225
29226
29233
29236
29239
29240
29245
29248
29249
29250
29251
29252
29255
29257
29258
29259
29260
29261
29262
29263
29265
29271
29272
29273
29274
29275
29276
29278
29279
29280
29282
29283
29284
29286
29287
29288
29289
29290
29291
29292
29295
29296
29297
29298
29299
29301
29303
29305
29307
29308
29309
29311
29313
29314
29316
29317
29318
29319
29320
29321
29322
29323
29324
29326
29328
29329
29330
29347
29348
29349
29351
29352
29354
29355
29356
29357
29361
29364
29370
29371
29372
29373
29374
29375
29376
29377
29378
29379
29380
29381
29382
29383
29384
29385
29386
29387
29388
29389
29400
29401
29403
29404
29405
29410
29411
29413
29415
29416
29417
29420
29421
29422
29423
29424
29425
29426
29427
29428
29429
29430
29431
29432
29433
29434
29435
29436
29437
29438
29439
29440
29441
29451
29452
29455
29456
29457
29458
29460
29461
29462
29463
29465
29472
29483
29486
29487
29488
29489
29492
29496
29497
29502
29503
29504
29506
29508
29509
29510
29512
29513
29514
29515
29521
29524
29528
29534
29540
29541
29543
29545
29546
29547
29548
29550
29551
29552
29553
29554
29555
29557
29559
29560
29561
29562
29563
29564
29565
29566
29567
29569
29570
29572
29573
29574
29575
29576
29577
29578
29580
29581
29584
29586
29587
29588
29589
29590
29591
29592
29593
29594
29595
29596
29597
29598
29599
29600
29601
29602
29606
29607
29608
29610
29612
29613
29615
29616
29619
29621
29622
29623
29624
29625
29626
29627
29628
29630
29632
29633
29634
29635
29636
29637
29639
29640
29641
29642
29643
29644
29645
29647
29649
29650
29651
29652
29654
29658
29666
29667
29668
29671
29672
29673
29674
29675
29676
29677
29678
29679
29680
29681
29683
29684
29685
29688
29689
29690
29691
29694
29695
29696
29698
29699
29700
29701
29702
29703
29704
29705
29706
29707
29709
29710
29711
29712
29713
29714
29715
29716
29717
29718
29719
29720
29721
29722
29723
29724
29725
29726
29727
29731
29732
29736
29737
29743
29745
29746
29747
29749
29750
29752
29755
29756
29757
29758
29765
29773
29775
29778
29783
29784
29785
29787
29790
29791
29792
29794
29795
29796
29798
29799
29800
29801
29802
29803
29804
29805
29806
29807
29808
29811
29813
29814
29816
29817
29818
29819
29821
29822
29823
29824
29825
29826
29827
29828
29829
29830
29833
29835
29837
29839
29840
29842
29843
29844
29845
29848
29850
29851
29859
29860
29861
29863
29864
29866
29868
29869
29870
29872
29873
29874
29875
29876
29877
29878
29879
29880
29881
29882
29883
29884
29886
29887
29888
29891
29893
29896
29897
29899
29902
29903
29904
29905
29906
29907
29908
29909
29910
29911
29912
29913
29916
29917
29918
29924
29926
29929
29930
29931
29932
29942
29948
29949
29950
29951
29952
29953
29954
29955
29961
29966
29968
29969
29970
29973
29974
29975
29976
29978
29979
29997
29998
29999
30004
30016
30017
30019
30020
30021
30022
30023
30024
30027
53716
53717
53719
53720
53721
53722
53723
53724
53725
53730
53731
53732
53733
53734
53736
53737
53738
53739
53740
53741
53742
53743
53744
53745
53746
53747
53748
53749
53750
53751
53752
53753
53754
53755
53756
53757
53758
53759
53760
53761
53762
53763
53764
53765
53767
53768
53769
53770
53771
53772
53773
53774
53775
53776
53777
53778
53779
53780
53781
53782
53783
53784
53785
53786
53787
53788
53789
53790
53791
53792
53793
53794
53795
53796
53797
53798
53799
53800
53801
53802
53803
53804
53805
53806
53807
53808
53809
53810
53811
53812
53813
53814
53815
53816
53817
53818
53819
53820
53821
53822
53823
53824
53825
53826
53827
53828
53829
53830
53831
53832
53833
53834
53835
53836
53837
53838
53840
53841
53842
53843
53845
53846
53847
53848
53849
53850
53851
53852
53853
53854
53855
53856
53857
53858
53859
53860
53861
53862
53863
53864
53865
53867
53868
53869
53870
53871
53872
53873
53874
53875
53876
53877
53878
53879
53880
53881
53882
53883
53884
53885
53886
53887
53888
53889
53890
53892
53893
53894
53895
53896
53897
53898
53899
53900
53901
53902
53903
53904
53905
53906
53907
53908
53909
53910
53911
53912
53914
53915
53916
53917
53918
53919
53920
53921
53922
53923
53924
53925
53926
53927
53928
53929
53930
53931
53932
53933
53934
53935
53936
53937
53938
53939
53940
53941
53942
53943
53944
53945
53946
53947
53949
53950
53951
53952
53953
53954
53955
53956
53957
53958
53959
53960
53961
53962
53963
53964
53965
53966
53968
53969
53970
53971
53972
53973
53975
53976
53977
53978
53979
53980
53981
53982
53983
53984
53985
53986
53987
53988
53989
53990
53991
53992
53993
53994
53995
53996
53997
53998
53999
54000
54001
54002
54003
54005
54006
54007
54008
54009
54011
54012
54013
54014
54015
54017
54018
54019
54020
54021
54023
54024
54025
54026
54027
54028
54029
54030
54031
54032
54033
54035
54036
54038
54039
54041
54044
54046
54047
54049
54050
54053
54054
54055
54056
54057
54058
54059
54061
54062
54063
54064
54065
54066
54067
54068
54069
54070
54071
54072
54073
54074
54075
54076
54077
54078
54079
54080
54081
54082
54083
54084
54085
54086
54087
54088
54089
54090
54091
54092
54093
54094
54095
54096
54097
54098
54099
54100
54101
54102
54103
54104
54105
54106
54107
54108
54109
54110
54111
54112
54113
54114
54115
54116
54117
54118
54119
54120
54121
54122
54124
54125
54126
54127
54128
54129
54130
54131
54132
54133
54134
54135
54136
54137
54138
54139
54140
54141
54142
54143
54144
54145
54146
54147
54148
54149
54150
54151
54152
54153
54154
54155
54156
54157
54158
54159
54160
54161
54162
54163
54164
54165
54166
54167
54168
54169
54170
54171
54172
54173
54174
54175
54176
54177
54178
54179
54180
54181
54182
54183
54184
54185
54186
54187
54188
54189
54190
54191
54192
54193
54194
54195
54196
54197
54198
54199
54200
54201
54202
54203
54204
54205
54206
54207
54208
54209
54210
54211
54212
54213
54214
54215
54216
54217
54218
54219
54220
54221
54222
54223
54224
54225
54228
54229
54230
54232
54233
54236
54237
54238
54239
54240
54241
54242
54243
54244
54245
54246
54247
54248
54250
54251
54252
54253
54254
54255
54256
54257
54258
54259
54260
54261
54262
54263
54264
54265
54266
54267
54268
54269
54270
54271
54272
54273
54274
54275
54276
54277
54279
54280
54281
54282
54283
54284
54285
54286
54287
54288
54289
54291
54292
54294
54295
54296
54297
54298
54299
54300
54301
54302
54303
54304
54305
54306
54307
54308
54309
54310
54311
54312
54314
54315
54316
54317
54318
54319
54320
54321
54322
54323
54324
54325
54326
54327
54328
54329
54330
54331
54332
54333
54334
54335
54336
54337
54338
54339
54340
54341
54342
54344
54345
54346
54347
54348
54349
54350
54352
54353
54354
54355
54356
54357
54358
54360
54361
54362
54363
54364
54365
54366
54367
54368
54369
54371
54372
54373
54374
54375
54376
54377
54378
54379
54380
54381
54382
54383
54384
54385
54386
54387
54390
54391
54392
54393
54394
54395
54397
54401
54403
54405
54406
54407
54408
54409
54410
54411
54412
54413
54414
54415
54416
54417
54418
54420
54422
54423
54424
54425
54426
54427
54428
54430
54431
54432
54433
54434
54435
54436
54437
54438
54439
54440
54441
54442
54443
54444
54445
54447
54448
54449
54450
54451
54452
54453
54454
54455
54456
54457
54458
54459
54460
54461
54462
54463
54464
54465
54466
54467
54468
54469
54470
54471
54472
54473
54474
54475
54476
54477
54478
54479
54480
54481
54482
54483
54485
54486
54487
54488
54489
54490
54491
54492
54493
54494
54495
54496
54497
54498
54499
54500
54501
54502
54503
54504
54505
54506
54507
54508
54509
54510
54511
54512
54514
54515
54516
54517
54518
54519
54520
54521
54522
54523
54524
54525
54526
54527
54528
54529
54530
54531
54532
54533
54534
54535
54536
54537
54538
54539
54540
54541
54542
54543
54544
54545
54546
54547
54548
54549
54550
54551
54552
54553
54554
54555
54556
54557
54558
54559
54560
54561
54562
54563
54564
54565
54566
54567
54568
54569
54570
54571
54572
54573
54574
54575
54576
54577
54578
54579
54580
54581
54582
54583
54584
54585
54586
54587
54588
54589
54590
54591
54592
54593
54594
54595
54596
54597
54598
54599
54600
54601
54602
54603
54604
54605
54606
54607
54608
54609
54610
54611
54612
54613
54614
54615
54616
54617
54618
54619
54620
54621
54622
54623
54624
54625
54626
54627
54628
54629
54630
54631
54633
54634
54635
54636
54637
54638
54639
54640
54641
54642
54643
54644
54645
54646
54647
54648
54649
54650
54651
54652
54653
54654
54655
54656
54657
54658
54659
54660
54661
54662
54663
54664
54665
54666
54667
54668
54669
54670
54671
54672
54673
54674
54675
54676
54677
54678
54679
54680
54681
54682
54683
54684
54685
54686
54687
54688
54689
54690
54692
54693
54694
54695
54696
54697
54698
54699
54700
54701
54702
54703
54704
54705
54706
54707
54708
54709
54710
54711
54712
54713
54714
54715
54716
54717
54718
54719
54720
54721
54722
54723
54724
54725
54726
54727
54728
54729
54730
54731
54732
54733
54734
54735
54736
54737
54738
54739
54740
54741
54742
54743
54744
54745
54746
54747
54748
54749
54750
54751
54752
54753
54754
54755
54756
54757
54758
54759
54760
54761
54762
54763
54764
54765
54766
54767
54768
54769
54770
54771
54772
54773
54774
54775
54776
54777
54779
54780
54781
54782
54783
54784
54785
54786
54788
54789
54790
54791
54792
54793
54794
54795
54796
54797
54798
54799
54800
54801
54802
54803
54804
54805
54806
54807
54808
54809
54810
54812
54813
54814
54815
54816
54817
54818
54819
54820
54821
54822
54823
54824
54825
54826
54827
54828
54829
54830
54831
54832
54833
54834
54835
54836
54837
54838
54839
54840
54841
54842
54843
54844
54845
54846
54847
54848
54849
54850
54851
54852
54853
54854
54855
54856
54857
54858
54859
54860
54861
54862
54863
54864
54865
54866
54867
54868
54869
54870
54871
54872
54873
54874
54875
54876
54877
54878
54879
54880
54882
54883
54887
54888
54889
54890
54891
54892
54893
54894
54895
54896
54897
54898
54899
54900
54901
54902
54903
54904
54905
54906
54908
54909
54910
54911
54912
54913
54914
54915
54916
54917
54918
54919
54920
54921
54922
54923
54924
54925
54926
54927
54928
54929
54930
54931
54932
54933
54934
54935
54936
54937
54938
54939
54940
54941
54942
54943
54944
54945
54946
54947
54948
54949
54950
54951
54953
54954
54955
54956
54957
54959
54960
54961
54962
54963
54964
54965
54966
54967
54968
54969
54970
54971
54972
54973
54974
54975
54976
54977
54978
54979
54980
54981
54982
54984
54985
54986
54987
54988
54989
54990
54991
54992
54993
54994
54995
54996
54997
54998
54999
55000
55001
55002
55003
55004
55005
55006
55008
55009
55010
55011
55012
55013
55014
55015
55016
55017
55018
55019
55020
55021
55022
55023
55024
55025
55026
55027
55028
55029
55030
55031
55032
55033
55034
55035
55036
55037
55038
55039
55040
55041
55042
55043
55044
55045
55046
55047
55048
55049
55050
55051
55052
55053
55054
55055
55056
55057
55058
55059
55060
55061
55062
55063
55064
55065
55066
55067
55068
55069
55070
55071
55072
55073
55074
55075
55076
55077
55078
55079
55080
55081
55082
55083
55084
55085
55086
55087
55089
55090
55091
55092
55093
55095
55096
55097
55098
55099
55100
55101
55102
55103
55104
55105
55106
55107
55108
55109
55110
55111
55112
55113
55114
55115
55116
55117
55118
55119
55120
55121
55122
55123
55124
55125
55126
55127
55128
55129
55130
55131
55132
55133
55134
55135
55136
55137
55138
55139
55140
55141
55142
55143
55144
55145
55146
55147
55148
55149
55150
55151
55152
55153
55154
55156
55157
55158
55159
55160
55161
55162
55163
55164
55165
55166
55167
55168
55169
55170
55171
55172
55173
55174
55175
55177
55178
55179
55180
55181
55182
55183
55184
55185
55186
55187
55188
55189
55190
55191
55192
55193
55194
55195
55196
55197
55198
55199
55200
55201
55202
55203
55204
55205
55206
55207
55208
55209
55210
55211
55212
55213
55214
55215
55216
55217
55218
55219
55220
55221
55222
55223
55224
55225
55226
55227
55228
55229
55230
55231
55232
55233
55234
55235
55236
55237
55238
55239
55240
55241
55242
55243
55244
55245
55246
55247
55248
55249
55250
55251
55252
55253
55254
55255
55256
55257
55258
55259
55260
55261
55262
55263
55264
55265
55266
55268
55271
55272
55273
55274
55275
55276
55277
55278
55279
55280
55281
55282
55283
55284
55285
55286
55287
55288
55289
55290
55291
55292
55293
55294
55295
55296
55297
55299
55301
55302
55303
55304
55305
55306
55307
55308
55309
55310
55311
55312
55313
55314
55315
55316
55317
55318
55319
55321
55324
55325
55326
55327
55328
55329
55331
55332
55333
55334
55335
55336
55337
55338
55339
55340
55341
55342
55343
55344
55345
55346
55347
55348
55349
55350
55351
55352
55353
55354
55355
55356
55357
55358
55360
55361
55362
55363
55364
55365
55366
55368
55369
55370
55372
55373
55374
55375
55376
55377
55378
55379
55380
55381
55382
55383
55384
55385
55386
55387
55388
55389
55390
55391
55392
55393
55394
55395
55396
55397
55398
55399
55400
55401
55402
55403
55404
55405
55406
55407
55408
55409
55410
55411
55412
55413
55414
55415
55416
55417
55419
55420
55421
55422
55423
55424
55425
55426
55428
55429
55430
55431
55432
55433
55434
55435
55436
55437
55438
55439
55440
55442
55443
55448
55449
55450
55451
55453
55454
55455
55456
55457
55458
55459
55460
55461
55462
55463
55464
55465
55466
55467
55468
55469
55470
55471
55472
55473
55474
55475
55476
55477
55478
55479
55480
55481
55482
55483
55485
55486
55487
55488
55489
55490
55491
55492
55493
55494
55495
55496
55497
55498
55499
55500
55501
55503
55504
55505
55506
55507
55508
55509
55510
55511
55512
55513
55514
55515
55516
55517
55518
55519
55520
55521
55522
55523
55525
55526
55527
55528
55529
55530
55531
55532
55533
55534
55535
55536
55537
55538
55539
55540
55541
55542
55543
55544
55545
55546
55547
55548
55549
55550
55551
55552
55553
55554
55555
55556
55557
55558
55559
55560
55561
55562
55563
55564
55565
55566
55567
55568
55569
55570
55571
55572
55573
55604
55609
55611
55612
55613
55614
55615
55616
55617
55618
55619
55620
55621
55622
55624
55625
55626
55627
55628
55629
55630
55631
55632
55633
55634
55635
55636
55637
55638
55639
55640
55641
55642
55643
55644
55645
55646
55647
55648
55649
55650
55651
55652
55653
55654
55656
55657
55658
55659
55660
55661
55662
55663
55664
55665
55666
55667
55669
55670
55671
55672
55673
55674
55675
55676
55677
55678
55679
55680
55681
55682
55683
55684
55685
55686
55687
55688
55689
55690
55691
55692
55693
55694
55695
55696
55697
55698
55699
55700
55701
55702
55703
55704
55705
55706
55707
55708
55709
55710
55711
55712
55713
55714
55715
55716
55717
55718
55719
55720
55722
55723
55724
55725
55726
55727
55728
55729
55730
55731
55732
55733
55734
55735
55736
55737
55738
55739
55740
55741
55742
55743
55744
55745
55746
55747
55748
55749
55750
55751
55752
55753
55754
55755
55756
55757
55758
55759
55760
55761
55762
55763
55764
55765
55766
55767
55768
55769
55770
55771
55772
55773
55774
55775
55776
55777
55778
55779
55780
55781
55782
55783
55784
55785
55786
55787
55788
55789
55790
55791
55792
55793
55794
55795
55796
55797
55798
55799
55800
55802
55803
55804
55805
55806
55808
55810
55811
55812
55813
55824
55825
55826
55827
55828
55829
55830
55831
55832
55833
55834
55836
55837
55838
55839
55840
55841
55842
55843
55844
55845
55846
55847
55848
55849
55850
55851
55852
55854
55855
55856
55857
55858
55859
55860
55861
55862
55863
55864
55865
55866
55867
55868
55869
55870
55871
55872
55873
55874
55875
55876
55877
55878
55879
55880
55881
55882
55883
55884
55885
55886
55887
55888
55889
55890
55891
55892
55893
55894
55896
55897
55898
55899
55900
55901
55902
55903
55904
55905
55906
55907
55908
55909
55910
55911
55912
55913
55914
55915
55916
55917
55918
55919
55920
55921
55922
55923
55924
55925
55926
55927
55928
55929
55930
55931
55932
55933
55934
55935
55936
55937
55938
55939
55940
55941
55942
55943
55944
55945
55946
55947
55948
55949
55950
55951
55952
55954
55955
55956
55957
55958
55959
55960
55961
55962
55963
55964
55965
55967
55968
55969
55970
55971
55972
55973
55984
55987
55988
55989
55990
55991
55992
55993
55994
55995
55996
55997
55998
55999
56000
56001
56002
56003
56004
56005
56006
56008
56009
56010
56011
56012
56013
56014
56015
56016
56017
56018
56019
56020
56021
56022
56023
56024
56025
56026
56027
56028
56029
56030
56031
56032
56033
56034
56035
56036
56038
56039
56041
56042
56043
56044
56045
56046
56047
56048
56049
56050
56051
56052
56053
56054
56055
56056
56057
56058
56059
56060
56061
56062
56063
56064
56065
56066
56067
56069
56070
56071
56072
56073
56074
56077
56078
56079
56080
56081
56083
56084
56085
56086
56087
56088
56089
56090
56091
56094
56097
56099
56100
56101
56102
56103
56105
56106
56108
56109
56112
56113
56114
56116
56118
56120
56121
56124
56125
56128
56132
56134
56136
56138
56140
56141
56142
56143
56146
56148
56149
56150
56151
56152
56153
56154
56155
56156
56157
56158
56159
56161
56162
56163
56164
56165
56166
56167
56168
56170
56171
56172
56173
56174
56175
56176
56177
56178
56180
56181
56182
56183
56184
56185
56186
56187
56188
56189
56190
56191
56192
56193
56194
56195
56196
56197
56198
56199
56200
56201
56202
56203
56204
56205
56206
56207
56208
56209
56210
56211
56212
56213
56214
56215
56216
56217
56218
56219
56220
56221
56222
56224
56225
56226
56227
56228
56229
56230
56231
56232
56233
56234
56235
56236
56237
56238
56239
56240
56241
56242
56243
56244
56245
56246
56247
56248
56249
56250
56251
56252
56253
56254
56255
56256
56257
56258
56259
56260
56261
56262
56263
56265
56266
56267
56268
56269
56270
56271
56272
56273
56274
56275
56276
56277
56278
56279
56280
56281
56282
56283
56284
56285
56286
56287
56288
56289
56290
56291
56292
56293
56294
56295
56296
56297
56298
56299
56300
56301
56302
56303
56305
56306
56307
56308
56309
56310
56311
56312
56313
56314
56315
56316
56317
56318
56319
56320
56321
56322
56323
56324
56325
56326
56327
56328
56329
56330
56331
56332
56333
56334
56335
56336
56337
56339
56340
56341
56342
56343
56344
56345
56346
56348
56349
56350
56351
56352
56354
56355
56356
56357
56358
56359
56361
56362
56363
56364
56365
56366
56367
56368
56369
56370
56371
56374
56376
56377
56378
56379
56380
56381
56382
56383
56384
56385
56387
56388
56391
56392
56393
56395
56397
56398
56399
56400
56401
56402
56403
56404
56405
56406
56407
56409
56410
56411
56413
56414
56415
56416
56417
56418
56419
56420
56421
56424
56425
56426
56427
56429
56430
56431
56432
56433
56434
56435
56436
56437
56438
56439
56440
56441
56442
56443
56446
56447
56448
56449
56450
56451
56452
56453
56454
56455
56456
56457
56458
56459
56460
56461
56462
56463
56464
56465
56466
56467
56468
56469
56470
56471
56472
56473
56474
56475
56476
56477
56478
56479
56481
56482
56485
56486
56487
56488
56489
56490
56491
56492
56493
56494
56495
56496
56497
56498
56500
56501
56505
56507
56509
56511
56512
56513
56514
56515
56516
56517
56518
56519
56520
56521
56522
56523
56524
56525
56526
56527
56529
56530
56531
56532
56533
56534
56535
56536
56537
56539
56540
56541
56542
56543
56544
56545
56546
56547
56548
56549
56550
56551
56552
56553
56554
56555
56556
56558
56559
56560
56561
56562
56563
56564
56565
56566
56567
56568
56569
56570
56571
56573
56574
56575
56576
56579
56580
56581
56582
56583
56584
56585
56586
56587
56588
56589
56590
56591
56592
56593
56594
56595
56596
56597
56598
56599
56600
56601
56602
56603
56604
56605
56606
56607
56608
56609
56610
56612
56613
56615
56616
56617
56618
56619
56620
56621
56622
56623
56624
56625
56626
56627
56628
56629
56630
56631
56632
56633
56634
56635
56636
56637
56639
56640
56641
56642
56643
56644
56645
56646
56647
56648
56649
56650
56651
56652
56653
56654
56655
56656
56657
56658
56659
56660
56661
56662
56663
56664
56665
56666
56667
56668
56669
56670
56671
56672
56673
56674
56675
56676
56677
56678
56679
56680
56681
56682
56683
56684
56685
56686
56687
56688
56689
56690
56691
56693
56695
56696
56697
56698
56699
56700
56702
56703
56705
56706
56707
56708
56709
56711
56712
56713
56714
56715
56716
56717
56718
56719
56720
56722
56723
56724
56725
56726
56727
56728
56729
56730
56731
56732
56733
56734
56735
56736
56737
56738
56739
56740
56741
56742
56743
56744
56745
56746
56747
56748
56749
56750
56751
56752
56753
56754
56755
56756
56757
56758
56759
56760
56761
56762
56763
56764
56765
56766
56767
56768
56769
56770
56771
56772
56773
56774
56775
56776
56777
56778
56779
56780
56781
56782
56783
56784
56785
56786
56787
56788
56789
56790
56791
56792
56793
56794
56795
56797
56798
56799
56800
56801
56802
56803
56804
56805
56806
56807
56808
56809
56810
56811
56812
56813
56814
56815
56816
56817
56818
56819
56820
56822
56823
56824
56825
56826
56827
56828
56829
56830
56831
56832
56834
56835
56837
56838
56840
56841
56842
56843
56844
56846
56847
56848
56849
56850
56851
56852
56854
56860
56861
56863
56865
56868
56869
56876
56877
56878
56879
56880
56881
56882
56883
56884
56885
56886
56887
56888
56889
56890
56891
56892
56893
56894
56895
56896
56897
56898
56899
56900
56901
56902
56903
56904
56906
56907
56908
56909
56910
56911
56912
56913
56914
56915
56916
56917
56918
56919
56920
56921
56922
56923
56924
56925
56926
56927
56928
56929
56930
56931
56932
56933
56934
56935
56936
56937
56938
56939
56940
56941
56942
56943
56944
56945
56946
56947
56948
56949
56950
56951
56952
56953
56954
56955
56956
56957
56958
56959
56960
56961
56962
56963
56964
56965
56966
56967
56968
56969
56970
56971
56972
56973
56974
56975
56976
56977
56978
56979
56980
56981
56982
56983
56984
56985
56986
56987
56989
56990
56991
56992
56993
56994
56995
56996
56997
56998
57000
57001
57002
57003
57004
57005
57006
57007
57008
57009
57010
57011
57012
57013
57014
57015
57016
57018
57019
57020
57021
57022
57023
57024
57025
57026
57027
57028
57030
57031
57032
57033
57034
57035
57037
57038
57039
57040
57041
57042
57043
57044
57045
57046
57047
57048
57049
57050
57051
57052
57053
57054
57055
57056
57057
57058
57059
57060
57061
57062
57063
57064
57065
57067
57068
57069
57070
57071
57072
57073
57074
57075
57077
57078
57079
57080
57081
57082
57083
57084
57085
57086
57087
57088
57089
57090
57091
57092
57093
57094
57095
57096
57097
57098
57100
57101
57102
57103
57104
57105
57106
57108
57109
57110
57112
57113
57114
57115
57116
57117
57118
57119
57120
57121
57122
57123
57124
57125
57126
57127
57128
57129
57130
57131
57132
57133
57134
57135
57136
57137
57138
57139
57140
57141
57142
57143
57145
57146
57147
57148
57149
57150
57151
57152
57153
57154
57155
57156
57157
57158
57159
57160
57162
57163
57164
57165
57166
57167
57168
57169
57170
57171
57172
57173
57174
57175
57176
57177
57178
57179
57180
57181
57182
57183
57184
57185
57186
57187
57188
57189
57190
57191
57192
57193
57194
57195
57196
57197
57198
57199
57200
57201
57202
57203
57204
57205
57206
57207
57208
57209
57210
57211
57213
57214
57215
57216
57217
57218
57219
57220
57221
57222
57223
57224
57225
57226
57228
57229
57230
57231
57232
57233
57234
57235
57236
57238
57239
57241
57242
57243
57244
57245
57246
57247
57248
57249
57250
57251
57252
57253
57254
57255
57256
57258
57259
57260
57261
57262
57263
57264
57265
57266
57267
57268
57269
57270
57271
57272
57273
57274
57275
57276
57277
57278
57279
57280
57281
57282
57283
57284
57285
57286
57287
57288
57289
57290
57291
57292
57293
57294
57295
57296
57297
57298
57299
57300
57301
57302
57305
57306
57307
57308
57309
57310
57311
57312
57313
57314
57315
57316
57317
57318
57319
57320
57321
57322
57323
57324
57325
57326
57327
57328
57329
57330
57331
57332
57333
57334
57335
57336
57337
57338
57339
57340
57341
57342
57343
57344
57346
57347
57348
57349
57350
57352
57353
57354
57355
57356
57357
57358
57359
57361
57362
57363
57364
57365
57366
57367
57368
57369
57370
57371
57372
57373
57374
57375
57376
57377
57378
57379
57380
57381
57382
57383
57384
57385
57386
57387
57388
57389
57390
57391
57392
57393
57394
57395
57396
57397
57398
57399
57400
57401
57402
57403
57404
57405
57406
57407
57408
57409
57410
57411
57412
57413
57414
57415
57416
57417
57418
57419
57420
57421
57422
57423
57424
57425
57426
57427
57428
57429
57431
57432
57433
57434
57435
57436
57437
57438
57439
57440
57441
57442
57443
57444
57445
57447
57448
57449
57451
57452
57453
57454
57455
57456
57457
57458
57459
57460
57461
57462
57463
57464
57465
57466
57467
57468
57470
57471
57472
57473
57474
57475
57476
57477
57478
57479
57480
57481
57482
57483
57484
57485
57486
57487
57488
57489
57490
57491
57492
57493
57494
57495
57496
57497
57498
57499
57500
57501
57502
57503
57505
57506
57507
57508
57509
57510
57511
57512
57513
57514
57515
57516
57517
57518
57519
57520
57521
57522
57524
57525
57526
57527
57528
57530
57531
57532
57533
57534
57535
57536
57537
57538
57539
57540
57542
57543
57544
57545
57546
57547
57548
57549
57550
57551
57552
57553
57554
57555
57556
57557
57558
57559
57560
57561
57562
57563
57564
57565
57568
57569
57570
57571
57573
57574
57575
57576
57577
57578
57579
57580
57581
57582
57583
57584
57585
57586
57588
57589
57590
57591
57592
57593
57594
57595
57596
57597
57598
57599
57600
57601
57602
57603
57604
57605
57607
57608
57609
57610
57611
57612
57613
57614
57615
57616
57617
57618
57619
57620
57621
57622
57623
57624
57625
57626
57627
57628
57629
57630
57631
57632
57633
57634
57635
57636
57637
57638
57639
57640
57642
57643
57644
57645
57646
57648
57649
57650
57651
57652
57653
57655
57656
57657
57658
57659
57660
57661
57663
57664
57665
57666
57667
57668
57669
57670
57671
57672
57673
57674
57675
57676
57677
57678
57679
57681
57682
57683
57684
57685
57686
57687
57688
57689
57691
57692
57693
57694
57695
57696
57697
57698
57699
57700
57701
57703
57704
57705
57706
57707
57708
57709
57710
57711
57712
57713
57714
57715
57716
57717
57718
57719
57720
57721
57722
57723
57724
57725
57726
57727
57728
57729
57730
57731
57732
57733
57734
57736
57737
57738
57739
57740
57741
57742
57743
57744
57745
57746
57747
57748
57749
57750
57751
57752
57753
57754
57755
57757
57758
57759
57760
57761
57762
57763
57764
57765
57766
57767
57769
57770
57772
57773
57774
57775
57776
57777
57780
57781
57782
57783
57784
57785
57786
57787
57788
57789
57790
57791
57792
57793
57794
57795
57796
57797
57798
57799
57800
57801
57802
57803
57804
57805
57806
57807
57808
57809
57810
57811
57812
57813
57814
57815
57816
57817
57818
57819
57820
57821
57822
57823
57825
57826
57827
57828
57829
57830
57831
57832
57833
57834
57835
57836
57837
57838
57839
57840
57841
57842
57843
57844
57845
57846
57847
57848
57849
57850
57851
57852
57853
57854
57855
57856
57857
57858
57859
57860
57861
57862
57863
57864
57865
57867
57868
57869
57870
57871
57872
57873
57874
57876
57877
57879
57880
57881
57882
57883
57884
57885
57886
57887
57889
57890
57892
57893
57894
57895
57896
57897
57898
57899
57900
57902
57903
57904
57905
57906
57907
57908
57910
57911
57912
57913
57914
57915
57916
57918
57919
57920
57921
57922
57923
57924
57925
57926
57927
57928
57930
57931
57932
57933
57934
57935
57936
57937
57938
57939
57940
57941
57942
57943
57944
57945
57946
57947
57948
57949
57950
57951
57952
57953
57954
57955
57956
57957
57958
57959
57960
57961
57962
57963
57964
57965
57966
57967
57968
57969
57970
57973
57975
57977
57978
57979
57980
57981
57982
57983
57985
57987
57988
57989
57990
57991
57992
57993
57994
57995
57996
57997
57998
57999
58000
58001
58002
58003
58004
58005
58006
58007
58008
58009
58010
58011
58012
58013
58015
58016
58017
58018
58019
58020
58021
58022
58023
58024
58025
58026
58027
58028
58029
58030
58031
58032
58033
58034
58035
58036
58037
58038
58039
58040
58041
58042
58043
58044
58045
58046
58047
58048
58049
58050
58051
58052
58053
58054
58055
58056
58057
58058
58059
58062
58063
58064
58065
58068
58069
58070
58071
58072
58073
58074
58075
58076
58077
58078
58079
58080
58081
58082
58083
58084
58085
58086
58087
58088
58089
58090
58091
58092
58093
58094
58095
58096
58097
58098
58099
58100
58101
58102
58103
58104
58105
58107
58108
58109
58110
58111
58112
58113
58114
58115
58116
58117
58118
58119
58121
58122
58123
58124
58126
58127
58128
58129
58130
58131
58132
58133
58134
58135
58136
58138
58139
58140
58141
58142
58143
58144
58145
58146
58147
58148
58149
58150
58151
58152
58153
58154
58155
58156
58157
58158
58159
58160
58161
58162
58163
58166
58168
58169
58170
58171
58172
58173
58174
58175
58176
58177
58178
58179
58180
58181
58182
58183
58184
58185
58186
58187
58188
58189
58190
58192
58193
58194
58195
58196
58197
58198
58199
58200
58201
58203
58204
58205
58206
58207
58208
58209
58210
58211
58213
58214
58215
58217
58218
58219
58220
58222
58223
58224
58225
58226
58227
58228
58229
58230
58231
58232
58233
58234
58235
58236
58237
58238
58239
58240
58241
58242
58243
58244
58246
58247
58248
58249
58250
58251
58252
58253
58254
58255
58256
58257
58258
58259
58260
58261
58262
58263
58264
58265
58266
58267
58268
58269
58270
58271
58272
58273
58274
58275
58276
58278
58279
58280
58281
58282
58283
58284
58285
58286
58287
58288
58289
58290
58291
58292
58293
58294
58295
58296
58297
58298
58299
58300
58301
58302
58303
58304
58305
58306
58307
58308
58309
58310
58311
58313
58314
58315
58316
58317
58318
58319
58320
58321
58322
58323
58324
58325
58326
58327
58328
58329
58330
58331
58332
58333
58334
58335
58336
58337
58338
58339
58340
58341
58342
58343
58344
58345
58346
58347
58348
58349
58350
58351
58352
58353
58354
58355
58356
58357
58358
58360
58361
58362
58363
58364
58365
58366
58368
58369
58370
58371
58372
58373
58374
58375
58376
58377
58378
58379
58380
58381
58382
58383
58384
58385
58386
58387
58388
58389
58390
58391
58392
58393
58394
58396
58397
58398
58399
58400
58401
58402
58403
58404
58405
58407
58408
58409
58410
58411
58412
58413
58414
58415
58416
58417
58418
58419
58420
58421
58422
58423
58424
58425
58426
58427
58428
58429
58430
58431
58432
58433
58434
58435
58436
58437
58438
58439
58440
58441
58442
58443
58444
58445
58446
58447
58448
58450
58451
58452
58453
58454
58455
58456
58457
58458
58459
58460
58461
58462
58463
58464
58465
58466
58467
58468
58469
58471
58472
58473
58474
58475
58476
58477
58478
58479
58480
58481
58482
58483
58484
58485
58487
58488
58489
58490
58491
58492
58493
58494
58495
58496
58498
58499
58500
58501
58502
58503
58504
58505
58507
58508
58509
58510
58511
58512
58513
58514
58515
58516
58517
58518
58520
58521
58522
58523
58524
58525
58526
58527
58528
58529
58530
58531
58532
58533
58534
58535
58536
58537
58538
58539
58540
58544
58545
58546
58547
58548
58549
58550
58551
58552
58553
58554
58555
58556
58557
58558
58559
58560
58561
58562
58563
58564
58565
58566
58567
58568
58569
58570
58571
58572
58573
58574
58575
58576
58577
58578
58579
58580
58581
58582
58583
58584
58585
58586
58587
58588
58589
58590
58591
58592
58593
58595
58596
58597
58598
58599
58600
58601
58602
58603
58604
58605
58606
58607
58608
58609
58610
58611
58612
58613
58614
58615
58616
58617
58618
58619
58620
58621
58622
58623
58624
58625
58626
58627
58628
58629
58630
58631
58632
58633
58634
58635
58636
58637
58638
58639
58640
58641
58642
58643
58646
58647
58648
58649
58650
58651
58652
58653
58654
58655
58656
58657
58658
58659
58660
58661
58662
58663
58664
58665
58666
58667
58669
58670
58671
58672
58673
58674
58675
58676
58677
58678
58679
58680
58681
58682
58683
58684
58685
58686
58687
58688
58689
58690
58691
58692
58693
58694
58695
58696
58697
58698
58699
58700
58701
58702
58703
58704
58705
58706
58707
58708
58709
58710
58711
58713
58714
58715
58716
58717
58718
58719
58720
58721
58722
58723
58724
58725
58726
58727
58728
58730
58731
58732
58733
58734
58735
58736
58737
58739
58740
58741
58742
58743
58744
58745
58746
58747
58748
58749
58750
58751
58752
58753
58754
58755
58756
58757
58758
58760
58761
58762
58763
58764
58765
58766
58767
58768
58769
58770
58771
58772
58773
58774
58775
58776
58778
58779
58780
58781
58782
58783
58784
58785
58786
58787
58788
58789
58790
58791
58792
58793
58794
58795
58796
58797
58798
58800
58801
58802
58803
58804
58805
58806
58807
58808
58810
58811
58812
58813
58814
58815
58816
58817
58818
58820
58821
58822
58823
58824
58825
58826
58827
58828
58829
58830
58831
58832
58833
58834
58835
58836
58837
58838
58839
58840
58841
58842
58843
58845
58846
58847
58848
58849
58850
58851
58853
58854
58855
58856
58857
58858
58859
58860
58861
58862
58863
58864
58865
58866
58867
58868
58869
58870
58871
58872
58873
58874
58876
58877
58878
58879
58880
58881
58882
58883
58884
58885
58886
58887
58888
58889
58891
58892
58893
58894
58895
58896
58897
58898
58899
58900
58901
58902
58903
58904
58905
58906
58907
58908
58909
58910
58911
58912
58913
58914
58915
58916
58917
58918
58919
58920
58921
58922
58923
58925
58926
58927
58928
58929
58930
58931
58932
58933
58934
58935
58936
58937
58938
58939
58940
58941
58942
58943
58944
58945
58946
58947
58948
58950
58951
58952
58953
58954
58955
58956
58957
58958
58959
58960
58961
58962
58963
58964
58965
58966
58967
58968
58969
58970
58971
58972
58975
58976
58977
58978
58979
58980
58981
58982
58983
58984
58985
58986
58987
58988
58989
58990
58991
58992
58993
58994
58995
58996
58998
58999
59000
59001
59002
59003
59004
59005
59006
59007
59008
59010
59011
59012
59013
59014
59015
59016
59017
59018
59019
59020
59021
59022
59023
59024
59025
59026
59027
59028
59029
59030
59031
59032
59033
59034
59035
59036
59037
59038
59039
59040
59041
59042
59043
59044
59046
59047
59048
59049
59050
59051
59052
59053
59054
59055
59056
59057
59058
59059
59060
59061
59062
59063
59064
59065
59066
59067
59068
59069
59070
59071
59072
59073
59074
59075
59076
59077
59078
59079
59080
59081
59083
59084
59085
59086
59087
59088
59089
59090
59091
59092
59093
59095
59096
59097
59098
59099
59100
59101
59102
59103
59104
59105
59106
59107
59109
59110
59111
59112
59113
59114
59115
59116
59117
59118
59119
59120
59121
59122
59123
59124
59125
59126
59128
59129
59130
59131
59132
59133
59134
59135
59136
59137
59138
59139
59140
59141
59142
59143
59144
59145
59146
59147
59148
59149
59150
59151
59152
59153
59154
59155
59156
59157
59158
59159
59160
59162
59163
59164
59165
59166
59167
59169
59170
59171
59172
59173
59174
59175
59176
59178
59179
59180
59181
59182
59183
59184
59185
59186
59187
59188
59189
59190
59191
59192
59193
59194
59195
59196
59197
59198
59199
59200
59201
59202
59203
59204
59205
59206
59207
59208
59209
59210
59211
59212
59213
59214
59215
59216
59217
59218
59219
59220
59221
59222
59223
59224
59225
59226
59227
59228
59229
59230
59231
59233
59234
59235
59236
59238
59239
59240
59241
59242
59243
59244
59245
59246
59247
59249
59250
59251
59252
59253
59254
59255
59256
59257
59258
59259
59260
59261
59262
59263
59264
59265
59266
59267
59268
59269
59270
59271
59272
59273
59274
59275
59276
59277
59278
59279
59280
59281
59282
59283
59284
59285
59286
59287
59288
59289
59290
59291
59292
59293
59294
59295
59296
59298
59299
59300
59301
59302
59303
59304
59305
59306
59307
59308
59309
59310
59311
59312
59313
59314
59315
59316
59317
59318
59319
59320
59321
59322
59323
59324
59325
59326
59327
59328
59329
59330
59331
59332
59333
59334
59335
59336
59337
59338
59339
59340
59341
59342
59343
59344
59345
59346
59348
59349
59350
59351
59352
59353
59354
59355
59356
59357
59358
59359
59360
59363
59364
59365
59366
59367
59369
59370
59371
59372
59373
59374
59375
59376
59377
59378
59379
59380
59381
59382
59383
59384
59385
59386
59387
59388
59389
59390
59391
59392
59393
59394
59395
59396
59398
59399
59400
59401
59402
59403
59404
59405
59406
59407
59408
59409
59410
59411
59412
59413
59415
59416
59417
59418
59419
59420
59421
59422
59423
59424
59425
59426
59427
59428
59429
59431
59432
59433
59434
59435
59436
59437
59438
59439
59441
59442
59443
59444
59445
59446
59447
59448
59449
59450
59451
59452
59453
59454
59455
59456
59457
59458
59459
59460
59461
59462
59463
59464
59465
59466
59467
59469
59470
59471
59472
59473
59474
59475
59476
59477
59478
59480
59481
59482
59483
59485
59486
59487
59488
59490
59491
59492
59493
59494
59495
59496
59497
59498
59499
59500
59501
59502
59503
59504
59505
59506
59508
59509
59510
59511
59512
59513
59514
59515
59516
59517
59519
59520
59521
59522
59523
59524
59525
59526
59527
59528
59529
59530
59531
59532
59533
59534
59535
59536
59537
59538
59539
59540
59541
59542
59543
59545
59546
59547
59548
59549
59550
59551
59552
59553
59554
59555
59556
59557
59558
59559
59560
59561
59562
59563
59564
59565
59566
59567
59568
59569
59570
59571
59572
59573
59574
59575
59576
59577
59578
59579
59580
59581
59582
59583
59584
59585
59586
59587
59588
59589
59590
59591
59592
59593
59594
59595
59596
59597
59598
59599
59600
59601
59602
59603
59604
59605
59606
59607
59609
59610
59611
59612
59613
59614
59615
59616
59617
59618
59619
59620
59621
59622
59623
59625
59626
59627
59628
59629
59630
59632
59633
59634
59635
59636
59637
59638
59639
59640
59641
59642
59643
59644
59645
59647
59648
59649
59651
59652
59653
59654
59655
59656
59657
59658
59659
59660
59661
59662
59664
59665
59666
59667
59668
59669
59670
59671
59672
59673
59674
59675
59676
59677
59678
59679
59680
59681
59682
59683
59684
59685
59686
59687
59688
59689
59690
59691
59692
59693
59694
59695
59696
59697
59698
59699
59700
59701
59702
59703
59704
59705
59706
59707
59708
59709
59710
59712
59713
59714
59715
59717
59718
59719
59720
59721
59722
59723
59724
59725
59726
59727
59728
59729
59730
59731
59732
59733
59734
59735
59736
59737
59738
59739
59741
59742
59743
59744
59745
59746
59747
59748
59749
59750
59751
59752
59753
59754
59755
59756
59758
59759
59760
59761
59762
59763
59764
59765
59766
59767
59768
59769
59770
59771
59772
59773
59774
59775
59776
59777
59778
59779
59780
59782
59784
59785
59786
59787
59788
59789
59790
59791
59792
59793
59794
59795
59796
59797
59798
59799
59800
59801
59802
59804
59805
59806
59807
59808
59809
59810
59811
59812
59813
59814
59816
59817
59818
59819
59820
59821
59822
59823
59824
59826
59827
59828
59829
59830
59831
59833
59834
59835
59836
59837
59838
59839
59840
59841
59842
59843
59844
59845
59846
59847
59848
59849
59850
59851
59852
59853
59854
59855
59856
59857
59858
59859
59860
59861
59862
59863
59864
59865
59866
59867
59868
59869
59870
59871
59872
59873
59874
59875
59876
59878
59879
59880
59881
59882
59883
59884
59885
59886
59887
59888
59889
59890
59891
59892
59893
59894
59895
59896
59897
59898
59899
59900
59901
59902
59903
59904
59905
59906
59907
59908
59909
59910
59911
59912
59913
59914
59915
59916
59917
59918
59919
59920
59921
59922
59923
59924
59925
59926
59927
59928
59929
59930
59931
59932
59933
59934
59935
59936
59937
59938
59939
59940
59941
59942
59943
59944
59945
59946
59950
59951
59952
59953
59954
59955
59956
59957
59958
59959
59961
59962
59963
59964
59965
59966
59967
59968
59969
59970
59971
59972
59974
59975
59976
59977
59978
59979
59980
59981
59983
59984
59985
59986
59987
59988
59989
59990
59991
59992
59993
59994
59995
59996
59997
59998
59999
60000
60001
60002
60003
60004
60005
60006
60007
60008
60009
60010
60011
60012
60013
60014
60016
60017
60018
60019
60020
60021
60022
60023
60024
60025
60026
60027
60028
60029
60030
60031
60032
60033
60034
60035
60036
60037
60038
60039
60040
60041
60042
60043
60044
60045
60047
60048
60049
60050
60051
60052
60053
60054
60055
60056
60057
60058
60059
60060
60061
60062
60063
60064
60065
60066
60067
60068
60069
60070
60071
60072
60073
60076
60077
60078
60079
60080
60081
60082
60083
60084
60085
60086
60087
60089
60090
60091
60092
60093
60094
60095
60096
60097
60098
60099
60100
60101
60102
60103
60104
60105
60106
60107
60108
60109
60110
60111
60112
60113
60114
60115
60116
60117
60118
60119
60120
60121
60122
60123
60124
60125
60126
60127
60128
60129
60130
60131
60132
60133
60134
60136
60137
60138
60139
60141
60142
60143
60144
60145
60146
60147
60148
60149
60150
60151
60152
60153
60154
60155
60156
60158
60159
60160
60161
60162
60163
60164
60165
60166
60167
60168
60170
60171
60172
60173
60174
60175
60176
60177
60178
60179
60180
60181
60182
60183
60184
60185
60186
60187
60188
60189
60190
60191
60192
60193
60194
60195
60196
60197
60198
60199
60200
60201
60202
60203
60204
60205
60206
60207
60208
60209
60210
60211
60212
60213
60214
60215
60216
60217
60218
60219
60220
60221
60222
60223
60224
60225
60226
60227
60228
60229
60230
60231
60232
60233
60234
60235
60236
60237
60238
60239
60240
60241
60242
60243
60244
60245
60246
60247
60248
60249
60250
60251
60252
60253
60254
60255
60256
60258
60259
60260
60261
60262
60263
60264
60265
60268
60269
60270
60271
60272
60273
60274
60275
60276
60277
60278
60279
60280
60281
60282
60283
60284
60285
60286
60287
60288
60289
60290
60291
60292
60293
60294
60295
60296
60297
60298
60299
60301
60302
60303
60304
60305
60307
60308
60309
60310
60311
60312
60313
60314
60315
60316
60317
60318
60319
60320
60321
60322
60323
60324
60325
60326
60327
60328
60329
60330
60331
60332
60333
60334
60335
60336
60337
60338
60339
60340
60341
60342
60343
60344
60345
60346
60347
60348
60350
60352
60353
60354
60355
60356
60357
60358
60359
60360
60361
60362
60363
60364
60365
60367
60368
60369
60370
60371
60372
60373
60374
60375
60376
60378
60379
60380
60381
60382
60383
60384
60385
60386
60387
60388
60389
60390
60391
60392
60393
60394
60395
60396
60397
60398
60399
60400
60401
60402
60403
60404
60405
60406
60407
60408
60409
60410
60411
60412
60413
60414
60415
60416
60417
60418
60419
60420
60421
60422
60423
60424
60425
60426
60427
60428
60429
60430
60431
60432
60433
60434
60435
60436
60438
60439
60440
60441
60442
60443
60444
60445
60446
60447
60448
60449
60451
60454
60455
60456
60457
60458
60459
60460
60461
60462
60463
60464
60465
60466
60467
60468
60469
60470
60471
60472
60473
60475
60476
60477
60478
60479
60480
60481
60482
60483
60484
60485
60486
60487
60488
60489
60490
60491
60492
60494
60495
60496
60497
60498
60499
60500
60501
60502
60503
60504
60505
60506
60507
60508
60509
60511
60512
60513
60514
60515
60516
60518
60519
60520
60521
60522
60523
60524
60525
60526
60527
60528
60529
60530
60531
60532
60534
60535
60536
60537
60538
60539
60540
60541
60542
60543
60544
60545
60546
60547
60548
60549
60550
60551
60552
60553
60554
60555
60556
60557
60558
60559
60560
60562
60563
60564
60565
60566
60568
60569
60570
60572
60573
60574
60575
60576
60577
60578
60579
60580
60581
60582
60583
60584
60586
60587
60588
60590
60591
60592
60593
60594
60595
60596
60597
60598
60599
60600
60601
60602
60603
60604
60605
60606
60607
60608
60610
60611
60612
60613
60614
60615
60616
60617
60618
60619
60621
60622
60623
60624
60625
60626
60627
60628
60629
60630
60631
60632
60633
60634
60635
60636
60637
60638
60639
60640
60641
60642
60643
60644
60646
60647
60648
60649
60650
60651
60652
60653
60654
60655
60656
60658
60659
60660
60661
60662
60663
60664
60665
60666
60667
60668
60669
60670
60671
60672
60673
60674
60675
60677
60678
60679
60680
60681
60682
60683
60684
60685
60686
60687
60688
60689
60690
60691
60692
60693
60694
60695
60697
60698
60700
60701
60702
60703
60704
60706
60707
60709
60710
60711
60712
60713
60714
60715
60716
60717
60718
60719
60720
60721
60722
60723
60724
60725
60726
60727
60728
60729
60730
60731
60732
60733
60734
60735
60736
60737
60738
60739
60740
60741
60742
60743
60744
60745
60746
60747
60748
60749
60750
60751
60752
60753
60755
60756
60757
60758
60759
60761
60762
60763
60764
60765
60766
60767
60768
60769
60770
60771
60774
60775
60777
60778
60779
60780
60781
60782
60783
60784
60786
60787
60788
60789
60790
60791
60792
60793
60794
60795
60796
60797
60798
60799
60800
60801
60802
60803
60804
60805
60806
60807
60808
60809
60810
60811
60812
60813
60814
60815
60816
60817
60818
60820
60821
60822
60823
60824
60825
60826
60827
60828
60829
60830
60831
60832
60833
60834
60835
60836
60837
60838
60839
60840
60841
60842
60843
60844
60845
60846
60847
60848
60849
60850
60851
60852
60853
60854
60855
60856
60857
60858
60859
60860
60861
60862
60863
60864
60865
60866
60867
60868
60869
60870
60871
60872
60873
60874
60876
60877
60878
60879
60880
60881
60882
60883
60884
60885
60886
60887
60888
60889
60890
60891
60892
60893
60894
60895
60896
60897
60898
60899
60900
60901
60902
60903
60904
60905
60906
60907
60908
60909
60910
60911
60912
60913
60914
60915
60916
60917
60918
60919
60920
60921
60922
60923
60924
60925
60927
60928
60929
60930
60931
60932
60933
60934
60935
60936
60937
60938
60939
60940
60941
60942
60943
60944
60945
60946
60947
60948
60949
60950
60951
60952
60953
60954
60955
60956
60957
60958
60959
60960
60961
60962
60963
60964
60965
60966
60967
60968
60969
60970
60971
60972
60973
60974
60975
60976
60977
60978
60979
60980
60981
60982
60983
60984
60986
60987
60988
60989
60990
60991
60992
60993
60994
60995
60996
60997
60998
60999
61000
61001
61002
61003
61004
61005
61006
61007
61008
61009
61010
61011
61012
61013
61014
61015
61016
61017
61018
61019
61020
61021
61022
61023
61024
61025
61026
61027
61028
61029
61030
61031
61032
61033
61034
61035
61036
61037
61038
61039
61040
61041
61042
61043
61044
61045
61046
61047
61048
61049
61050
61051
61052
61053
61054
61055
61056
61058
61059
61060
61061
61062
61063
61064
61065
61066
61067
61068
61069
61070
61071
61072
61073
61074
61075
61076
61077
61078
61079
61080
61081
61082
61083
61084
61085
61086
61087
61088
61089
61090
61091
61092
61093
61094
61095
61096
61097
61098
61099
61100
61101
61103
61104
61105
61106
61107
61108
61109
61110
61111
61112
61113
61114
61115
61117
61118
61119
61120
61121
61122
61123
61124
61125
61126
61127
61128
61129
61130
61131
61132
61133
61135
61136
61137
61138
61139
61140
61142
61143
61144
61145
61146
61147
61148
61149
61150
61151
61152
61153
61155
61156
61157
61158
61159
61160
61161
61162
61163
61165
61166
61167
61168
61169
61170
61171
61172
61173
61174
61175
61177
61178
61179
61180
61182
61183
61184
61185
61186
61187
61188
61189
61190
61191
61192
61193
61194
61195
61196
61197
61198
61199
61200
61201
61202
61203
61204
61205
61206
61207
61208
61209
61210
61211
61212
61213
61215
61216
61217
61218
61219
61220
61222
61223
61224
61225
61226
61227
61228
61229
61230
61231
61232
61233
61236
61237
61238
61239
61241
61242
61243
61244
61245
61246
61247
61248
61249
61250
61251
61252
61253
61254
61255
61256
61257
61258
61259
61261
61262
61263
61264
61265
61267
61268
61269
61270
61271
61272
61273
61274
61275
61277
61278
61279
61280
61281
61282
61283
61285
61286
61287
61288
61289
61290
61291
61292
61293
61294
61295
61296
61297
61298
61300
61301
61302
61303
61304
61305
61306
61307
61308
61309
61310
61311
61312
61313
61314
61315
61316
61317
61319
61320
61321
61322
61323
61324
61325
61326
61327
61328
61329
61330
61331
61332
61333
61334
61335
61336
61337
61338
61339
61340
61341
61342
61343
61344
61345
61346
61347
61348
61349
61350
61351
61352
61353
61354
61355
61356
61357
61358
61359
61360
61361
61362
61363
61364
61365
61366
61367
61368
61369
61370
61371
61372
61373
61374
61375
61376
61377
61378
61379
61380
61381
61382
61383
61384
61385
61386
61387
61388
61389
61390
61391
61392
61393
61394
61395
61396
61397
61398
61399
61400
61401
61402
61403
61404
61405
61406
61407
61408
61409
61410
61411
61412
61413
61414
61415
61416
61417
61418
61419
61420
61421
61422
61423
61424
61425
61426
61427
61429
61430
61431
61432
61433
61434
61435
61436
61437
61438
61439
61440
61441
61442
61443
61444
61445
61446
61447
61448
61449
61450
61451
61452
61453
61454
61455
61456
61457
61458
61459
61460
61461
61462
61463
61464
61465
61466
61467
61468
61469
61470
61471
61472
61473
61474
61475
61476
61477
61478
61480
61481
61482
61483
61484
61485
61486
61487
61488
61489
61490
61491
61492
61493
61494
61495
61496
61497
61498
61499
61500
61501
61502
61503
61504
61505
61506
61507
61508
61510
61511
61512
61513
61514
61515
61516
61517
61518
61519
61520
61521
61522
61523
61524
61525
61526
61527
61528
61529
61530
61531
61532
61533
61534
61535
61536
61537
61538
61539
61540
61541
61543
61544
61545
61546
61547
61548
61549
61551
61552
61553
61554
61555
61556
61557
61558
61559
61560
61561
61562
61563
61564
61565
61566
61567
61568
61569
61570
61571
61572
61573
61574
61575
61576
61577
61578
61579
61580
61581
61582
61583
61584
61586
61587
61589
61590
61591
61592
61593
61594
61595
61596
61597
61598
61599
61600
61601
61602
61603
61604
61605
61607
61608
61609
61610
61612
61613
61614
61615
61616
61617
61618
61619
61620
61621
61622
61623
61624
61625
61626
61627
61628
61629
61630
61631
61632
61633
61634
61635
61636
61637
61638
61639
61640
61641
61642
61643
61644
61645
61646
61647
61648
61650
61651
61652
61653
61654
61655
61656
61657
61658
61659
61660
61661
61662
61663
61664
61665
61666
61667
61668
61669
61670
61671
61672
61674
61675
61676
61677
61678
61680
61681
61682
61683
61684
61685
61686
61687
61688
61689
61690
61691
61692
61693
61694
61695
61696
61697
61698
61699
61700
61701
61702
61703
61704
61705
61706
61708
61710
61711
61712
61713
61714
61715
61716
61717
61718
61720
61721
61722
61723
61724
61725
61726
61727
61728
61729
61730
61731
61732
61733
61734
61735
61736
61737
61738
61739
61740
61743
61744
61745
61746
61747
61748
61749
61750
61751
61752
61753
61754
61755
61756
61757
61758
61759
61760
61761
61762
61763
61764
61766
61767
61768
61769
61770
61771
61772
61773
61774
61775
61776
61777
61778
61779
61780
61782
61783
61784
61785
61787
61788
61789
61790
61791
61792
61793
61794
61795
61796
61797
61798
61799
61800
61801
61802
61803
61804
61805
61806
61807
61808
61809
61811
61812
61813
61814
61815
61816
61817
61818
61819
61820
61821
61822
61823
61824
61825
61826
61827
61828
61829
61830
61831
61832
61833
61834
61835
61836
61837
61838
61840
61841
61842
61843
61844
61845
61846
61847
61848
61849
61850
61851
61852
61853
61854
61855
61856
61857
61858
61859
61860
61861
61862
61863
61864
61865
61866
61867
61868
61869
61870
61871
61872
61873
61874
61875
61876
61877
61878
61879
61880
61881
61882
61883
61884
61885
61886
61887
61888
61889
61890
61891
61892
61893
61894
61895
61896
61897
61898
61899
61900
61901
61902
61903
61904
61905
61906
61907
61908
61910
61911
61912
61913
61914
61915
61916
61917
61918
61919
61920
61922
61923
61924
61925
61926
61928
61929
61930
61931
61932
61933
61934
61935
61936
61937
61938
61939
61940
61941
61942
61943
61944
61945
61946
61947
61948
61949
61950
61951
61952
61953
61954
61955
61956
61957
61958
61959
61960
61961
61962
61963
61964
61965
61966
61967
61968
61969
61970
61971
61972
61973
61974
61975
61976
61977
61978
61979
61981
61982
61983
61984
61985
61986
61987
61988
61989
61990
61991
61992
61993
61994
61995
61996
61997
61998
61999
62000
62001
62002
62003
62004
62005
62006
62007
62008
62009
62010
62011
62012
62013
62014
62015
62016
62017
62018
62019
62020
62021
62022
62023
62024
62025
62027
62028
62029
62030
62031
62032
62033
62034
62035
62036
62037
62038
62039
62040
62041
62042
62043
62045
62046
62047
62048
62049
62050
62051
62052
62053
62054
62055
62056
62057
62058
62059
62060
62061
62062
62063
62064
62065
62066
62067
62068
62069
62070
62071
62072
62073
62074
62075
62076
62077
62078
62079
62081
62082
62083
62084
62085
62086
62087
62088
62089
62090
62091
62092
62093
62094
62095
62096
62097
62098
62099
62100
62101
62102
62103
62104
62105
62106
62107
62108
62109
62110
62111
62113
62114
62115
62116
62117
62118
62119
62120
62121
62123
62124
62125
62126
62127
62128
62129
62130
62131
62132
62133
62134
62135
62136
62137
62138
62139
62140
62141
62142
62143
62144
62145
62146
62147
62148
62149
62150
62151
62152
62153
62155
62156
62157
62158
62159
62160
62161
62162
62163
62164
62165
62166
62168
62169
62170
62171
62172
62173
62174
62175
62176
62177
62178
62179
62180
62181
62182
62183
62185
62186
62187
62188
62189
62190
62191
62192
62193
62195
62196
62197
62198
62199
62200
62201
62202
62203
62204
62205
62206
62207
62208
62209
62210
62211
62212
62213
62214
62215
62216
62217
62219
62220
62221
62222
62223
62224
62225
62226
62227
62228
62229
62230
62231
62232
62233
62234
62235
62236
62237
62238
62239
62240
62241
62242
62243
62244
62245
62246
62247
62248
62249
62250
62251
62252
62253
62254
62255
62256
62257
62258
62259
62260
62261
62262
62263
62264
62265
62266
62267
62268
62269
62270
62271
62272
62273
62274
62275
62276
62277
62278
62279
62280
62281
62282
62283
62284
62285
62286
62287
62288
62289
62291
62292
62293
62294
62295
62297
62298
62299
62300
62301
62302
62303
62304
62305
62306
62307
62308
62309
62310
62311
62312
62313
62314
62315
62316
62317
62318
62319
62320
62321
62322
62323
62324
62325
62326
62327
62328
62329
62330
62331
62332
62333
62334
62335
62336
62337
62338
62339
62340
62341
62342
62343
62344
62345
62346
62347
62348
62349
62350
62351
62352
62353
62354
62355
62356
62357
62358
62359
62360
62361
62362
62363
62364
62365
62366
62367
62368
62369
62370
62371
62372
62373
62374
62375
62376
62377
62378
62379
62380
62381
62382
62383
62385
62386
62387
62388
62389
62390
62391
62392
62393
62394
62395
62396
62397
62398
62399
62400
62401
62402
62403
62404
62405
62407
62408
62409
62410
62411
62412
62413
62414
62417
62418
62419
62420
62421
62422
62423
62424
62425
62426
62427
62428
62429
62430
62431
62432
62433
62434
62435
62436
62437
62438
62439
62440
62441
62442
62443
62444
62445
62446
62447
62448
62449
62451
62452
62453
62454
62455
62456
62457
62458
62459
62461
62462
62463
62464
62465
62466
62468
62469
62470
62471
62472
62473
62474
62475
62476
62477
62478
62479
62480
62481
62482
62483
62484
62485
62486
62487
62488
62489
62490
62491
62492
62493
62494
62495
62496
62497
62498
62499
62500
62501
62502
62503
62505
62506
62507
62508
62510
62511
62512
62513
62514
62515
62516
62517
62518
62519
62520
62521
62522
62523
62524
62525
62526
62527
62528
62530
62531
62532
62533
62534
62535
62536
62537
62538
62539
62540
62541
62542
62543
62545
62546
62547
62548
62549
62550
62551
62552
62553
62554
62555
62556
62557
62558
62559
62560
62561
62562
62563
62564
62565
62566
62567
62568
62569
62570
62571
62572
62573
62574
62575
62576
62577
62578
62579
62581
62582
62583
62584
62585
62586
62587
62588
62589
62590
62591
62592
62593
62594
62595
62596
62597
62598
62599
62600
62601
62602
62603
62604
62605
62606
62607
62608
62609
62610
62611
62612
62613
62614
62615
62616
62617
62618
62619
62620
62621
62622
62623
62624
62625
62627
62628
62629
62630
62631
62632
62633
62634
62635
62636
62637
62638
62640
62641
62642
62644
62645
62646
62647
62648
62649
62650
62651
62652
62653
62654
62655
62657
62658
62659
62660
62661
62662
62663
62664
62665
62666
62667
62669
62670
62671
62672
62673
62674
62675
62676
62677
62678
62679
62680
62681
62682
62683
62684
62685
62686
62687
62688
62689
62690
62691
62692
62693
62694
62695
62696
62697
62698
62699
62700
62701
62702
62703
62704
62705
62706
62707
62708
62709
62710
62711
62712
62713
62714
62715
62716
62717
62718
62719
62720
62721
62723
62725
62726
62727
62728
62729
62730
62731
62732
62733
62734
62735
62736
62737
62739
62740
62741
62742
62743
62744
62745
62746
62747
62748
62749
62751
62752
62753
62754
62755
62756
62757
62759
62760
62761
62762
62763
62764
62765
62766
62767
62768
62769
62770
62772
62773
62774
62775
62776
62777
62778
62779
62780
62781
62782
62783
62784
62785
62786
62787
62788
62789
62790
62791
62792
62793
62794
62795
62796
62798
62799
62800
62802
62803
62804
62805
62806
62807
62808
62809
62810
62812
62813
62814
62815
62816
62817
62818
62819
62820
62821
62822
62824
62825
62826
62827
62828
62829
62830
62831
62832
62833
62834
62835
62836
62837
62838
62839
62840
62841
62842
62843
62844
62845
62846
62847
62848
62849
62850
62851
62852
62853
62854
62855
62856
62857
62858
62859
62860
62861
62862
62863
62864
62865
62866
62867
62868
62869
62870
62871
62872
62873
62874
62875
62876
62877
62878
62879
62880
62881
62882
62883
62884
62885
62886
62887
62888
62889
62890
62891
62892
62893
62894
62895
62896
62897
62898
62899
62900
62901
62903
62904
62905
62906
62907
62908
62909
62911
62912
62913
62914
62915
62916
62917
62918
62919
62920
62921
62922
62923
62924
62925
62926
62927
62928
62929
62930
62931
62932
62933
62934
62935
62936
62937
62938
62939
62940
62941
62942
62943
62944
62945
62946
62947
62948
62949
62950
62951
62952
62953
62954
62955
62956
62957
62958
62959
62960
62961
62962
62963
62965
62966
62967
62968
62969
62970
62971
62972
62973
62974
62975
62976
62978
62979
62980
62981
62982
62983
62984
62985
62986
62987
62988
62989
62990
62991
62992
62993
62995
62996
62997
62998
62999
63000
63001
63002
63004
63006
63007
63008
63009
63010
63011
63012
63013
63014
63015
63016
63017
63018
63019
63021
63022
63023
63024
63025
63026
63027
63028
63030
63031
63033
63034
63035
63036
63037
63038
63039
63040
63042
63043
63045
63046
63047
63048
63049
63050
63051
63052
63053
63054
63055
63056
63057
63058
63059
63060
63061
63062
63064
63065
63066
63067
63068
63069
63070
63071
63072
63073
63074
63076
63077
63078
63079
63080
63081
63083
63084
63085
63087
63088
63089
63090
63091
63092
63093
63094
63095
63096
63097
63098
63099
63100
63101
63102
63103
63104
63105
63107
63108
63109
63110
63111
63112
63113
63114
63115
63116
63117
63118
63120
63121
63122
63123
63124
63125
63126
63127
63128
63129
63130
63131
63133
63134
63135
63136
63137
63138
63139
63140
63141
63142
63143
63144
63145
63146
63147
63148
63149
63150
63151
63152
63153
63155
63156
63157
63158
63159
63160
63161
63162
63163
63165
63166
63167
63168
63169
63170
63171
63172
63173
63174
63176
63177
63178
63179
63180
63181
63182
63183
63184
63185
63187
63188
63189
63190
63191
63192
63193
63194
63195
63196
63197
63198
63199
63200
63201
63203
63204
63205
63206
63207
63208
63209
63210
63211
63212
63213
63214
63215
63216
63217
63218
63219
63220
63221
63223
63224
63225
63226
63227
63229
63230
63231
63232
63233
63234
63235
63236
63237
63238
63239
63240
63241
63243
63244
63245
63246
63248
63249
63250
63251
63252
63253
63254
63256
63257
63258
63259
63261
63262
63263
63264
63265
63266
63267
63268
63269
63270
63271
63272
63273
63274
63275
63276
63277
63278
63280
63282
63283
63284
63285
63286
63287
63288
63289
63290
63291
63292
63293
63294
63296
63298
63299
63301
63302
63303
63304
63305
63306
63307
63308
63309
63310
63311
63312
63313
63314
63315
63316
63317
63318
63319
63320
63321
